1000
1	1	1	0.819	1.33	2	0	0	0	0	0	0	0	0	0	0	0	0	0	0	0	0	0	0
2	2	1	1.212	-1.316	2	0	0	0	0	0	0	0	0	0	0	0	0	0	0	0	0	0	0
3	3	1	0.641	3.63	2	0	0	0	0	0	0	0	0	0	0	0	0	0	0	0	0	0	0
4	4	1	0.235	-4.269	2	0	0	0	0	0	0	0	0	0	0	0	0	0	0	0	0	0	0
5	5	1	0.415	-0.177	2	0	0	0	0	0	0	0	0	0	0	0	0	0	0	0	0	0	0
6	6	1	2.522	0.611	2	0	0	0	0	0	0	0	0	0	0	0	0	0	0	0	0	0	0
7	7	1	0.843	2.229	2	0	0	0	0	0	0	0	0	0	0	0	0	0	0	0	0	0	0
8	8	1	2.422	-1.133	2	0	0	0	0	0	0	0	0	0	0	0	0	0	0	0	0	0	0
9	9	1	1.627	7.136	2	0	0	0	0	0	0	0	0	0	0	0	0	0	0	0	0	0	0
10	10	1	1.497	-2.664	2	0	0	0	0	0	0	0	0	0	0	0	0	0	0	0	0	0	0
11	11	1	2.274	-3.108	2	0	0	0	0	0	0	0	0	0	0	0	0	0	0	0	0	0	0
12	12	1	0.3	7.103	2	0	0	0	0	0	0	0	0	0	0	0	0	0	0	0	0	0	0
13	13	1	0.659	1.683	2	0	0	0	0	0	0	0	0	0	0	0	0	0	0	0	0	0	0
14	14	1	0.814	-1.338	2	0	0	0	0	0	0	0	0	0	0	0	0	0	0	0	0	0	0
15	15	1	0.521	-2.803	2	0	0	0	0	0	0	0	0	0	0	0	0	0	0	0	0	0	0
16	16	1	0.846	1.439	2	0	0	0	0	0	0	0	0	0	0	0	0	0	0	0	0	0	0
17	17	1	0.194	0.711	2	0	0	0	0	0	0	0	0	0	0	0	0	0	0	0	0	0	0
18	18	1	0.348	-4.018	2	0	0	0	0	0	0	0	0	0	0	0	0	0	0	0	0	0	0
19	19	1	1.427	-0.322	2	0	0	0	0	0	0	0	0	0	0	0	0	0	0	0	0	0	0
20	20	1	1.159	1.733	2	0	0	0	0	0	0	0	0	0	0	0	0	0	0	0	0	0	0
21	21	1	1.992	1.362	2	0	0	0	0	0	0	0	0	0	0	0	0	0	0	0	0	0	0
22	22	1	0.802	-3.571	2	0	0	0	0	0	0	0	0	0	0	0	0	0	0	0	0	0	0
23	23	1	0.775	5.92	2	0	0	0	0	0	0	0	0	0	0	0	0	0	0	0	0	0	0
24	24	1	0.755	-3.228	2	0	0	0	0	0	0	0	0	0	0	0	0	0	0	0	0	0	0
25	25	1	0.506	0.582	2	0	0	0	0	0	0	0	0	0	0	0	0	0	0	0	0	0	0
26	26	1	1.165	3.258	2	0	0	0	0	0	0	0	0	0	0	0	0	0	0	0	0	0	0
27	27	1	0.424	0.236	2	0	0	0	0	0	0	0	0	0	0	0	0	0	0	0	0	0	0
28	28	1	1.34	4.411	2	0	0	0	0	0	0	0	0	0	0	0	0	0	0	0	0	0	0
29	29	1	0.891	8.143	2	0	0	0	0	0	0	0	0	0	0	0	0	0	0	0	0	0	0
30	30	1	1.554	3.349	2	0	0	0	0	0	0	0	0	0	0	0	0	0	0	0	0	0	0
31	31	1	1.944	2.966	2	0	0	0	0	0	0	0	0	0	0	0	0	0	0	0	0	0	0
32	32	1	0.758	-3.078	2	0	0	0	0	0	0	0	0	0	0	0	0	0	0	0	0	0	0
33	33	1	0.751	5.083	2	0	0	0	0	0	0	0	0	0	0	0	0	0	0	0	0	0	0
34	34	1	0.971	-0.132	2	0	0	0	0	0	0	0	0	0	0	0	0	0	0	0	0	0	0
35	35	1	0.636	1.227	2	0	0	0	0	0	0	0	0	0	0	0	0	0	0	0	0	0	0
36	36	1	2.255	0.346	2	0	0	0	0	0	0	0	0	0	0	0	0	0	0	0	0	0	0
37	37	1	0.96	-0.529	2	0	0	0	0	0	0	0	0	0	0	0	0	0	0	0	0	0	0
38	38	1	1.629	6.245	2	0	0	0	0	0	0	0	0	0	0	0	0	0	0	0	0	0	0
39	39	1	1.255	6.147	2	0	0	0	0	0	0	0	0	0	0	0	0	0	0	0	0	0	0
40	40	1	2.089	-2.534	2	0	0	0	0	0	0	0	0	0	0	0	0	0	0	0	0	0	0
41	41	1	0.873	-1.268	2	0	0	0	0	0	0	0	0	0	0	0	0	0	0	0	0	0	0
42	42	1	0.112	0	2	0	0	0	0	0	0	0	0	0	0	0	0	0	0	0	0	0	0
43	43	1	1.425	-3.673	2	0	0	0	0	0	0	0	0	0	0	0	0	0	0	0	0	0	0
44	44	1	0.477	1.848	2	0	0	0	0	0	0	0	0	0	0	0	0	0	0	0	0	0	0
45	45	1	1.342	1.778	2	0	0	0	0	0	0	0	0	0	0	0	0	0	0	0	0	0	0
46	46	1	0.5	4.067	2	0	0	0	0	0	0	0	0	0	0	0	0	0	0	0	0	0	0
47	47	1	0.941	-2.514	2	0	0	0	0	0	0	0	0	0	0	0	0	0	0	0	0	0	0
48	48	1	0.687	3.014	2	0	0	0	0	0	0	0	0	0	0	0	0	0	0	0	0	0	0
49	49	1	0.852	2.752	2	0	0	0	0	0	0	0	0	0	0	0	0	0	0	0	0	0	0
50	50	1	0.638	-0.44	2	0	0	0	0	0	0	0	0	0	0	0	0	0	0	0	0	0	0
51	51	1	0.496	-3.784	2	0	0	0	0	0	0	0	0	0	0	0	0	0	0	0	0	0	0
52	52	1	1.129	-0.761	2	0	0	0	0	0	0	0	0	0	0	0	0	0	0	0	0	0	0
53	53	1	0.411	5.001	2	0	0	0	0	0	0	0	0	0	0	0	0	0	0	0	0	0	0
54	54	1	0.829	2.167	2	0	0	0	0	0	0	0	0	0	0	0	0	0	0	0	0	0	0
55	55	1	0.821	1.782	2	0	0	0	0	0	0	0	0	0	0	0	0	0	0	0	0	0	0
56	56	1	0.646	-8.655	2	0	0	0	0	0	0	0	0	0	0	0	0	0	0	0	0	0	0
57	57	1	2.381	0.048	2	0	0	0	0	0	0	0	0	0	0	0	0	0	0	0	0	0	0
58	58	1	0.235	1.844	2	0	0	0	0	0	0	0	0	0	0	0	0	0	0	0	0	0	0
59	59	1	1.02	-3.406	2	0	0	0	0	0	0	0	0	0	0	0	0	0	0	0	0	0	0
60	60	1	0.414	-1.428	2	0	0	0	0	0	0	0	0	0	0	0	0	0	0	0	0	0	0
61	61	1	0.371	0.947	2	0	0	0	0	0	0	0	0	0	0	0	0	0	0	0	0	0	0
62	62	1	0.971	0.492	2	0	0	0	0	0	0	0	0	0	0	0	0	0	0	0	0	0	0
63	63	1	2.793	2.873	2	0	0	0	0	0	0	0	0	0	0	0	0	0	0	0	0	0	0
64	64	1	2.095	-0.393	2	0	0	0	0	0	0	0	0	0	0	0	0	0	0	0	0	0	0
65	65	1	1.12	-0.14	2	0	0	0	0	0	0	0	0	0	0	0	0	0	0	0	0	0	0
66	66	1	0.639	3.248	2	0	0	0	0	0	0	0	0	0	0	0	0	0	0	0	0	0	0
67	67	1	2.657	0.168	2	0	0	0	0	0	0	0	0	0	0	0	0	0	0	0	0	0	0
68	68	1	0.858	-3.845	2	0	0	0	0	0	0	0	0	0	0	0	0	0	0	0	0	0	0
69	69	1	0.533	-2.684	2	0	0	0	0	0	0	0	0	0	0	0	0	0	0	0	0	0	0
70	70	1	0.366	2.32	2	0	0	0	0	0	0	0	0	0	0	0	0	0	0	0	0	0	0
71	71	1	0.672	2.302	2	0	0	0	0	0	0	0	0	0	0	0	0	0	0	0	0	0	0
72	72	1	2.314	2.103	2	0	0	0	0	0	0	0	0	0	0	0	0	0	0	0	0	0	0
73	73	1	1.806	1.617	2	0	0	0	0	0	0	0	0	0	0	0	0	0	0	0	0	0	0
74	74	1	1.386	3.394	2	0	0	0	0	0	0	0	0	0	0	0	0	0	0	0	0	0	0
75	75	1	0.288	-1.315	2	0	0	0	0	0	0	0	0	0	0	0	0	0	0	0	0	0	0
76	76	1	0.837	4.207	2	0	0	0	0	0	0	0	0	0	0	0	0	0	0	0	0	0	0
77	77	1	1.812	-4.016	2	0	0	0	0	0	0	0	0	0	0	0	0	0	0	0	0	0	0
78	78	1	0.813	2.292	2	0	0	0	0	0	0	0	0	0	0	0	0	0	0	0	0	0	0
79	79	1	0.625	-1.187	2	0	0	0	0	0	0	0	0	0	0	0	0	0	0	0	0	0	0
80	80	1	1.033	2.12	2	0	0	0	0	0	0	0	0	0	0	0	0	0	0	0	0	0	0
81	81	1	0.613	-0.348	2	0	0	0	0	0	0	0	0	0	0	0	0	0	0	0	0	0	0
82	82	1	0.791	-1.444	2	0	0	0	0	0	0	0	0	0	0	0	0	0	0	0	0	0	0
83	83	1	2.988	0.147	2	0	0	0	0	0	0	0	0	0	0	0	0	0	0	0	0	0	0
84	84	1	1.382	0.934	2	0	0	0	0	0	0	0	0	0	0	0	0	0	0	0	0	0	0
85	85	1	1.944	-0.013	2	0	0	0	0	0	0	0	0	0	0	0	0	0	0	0	0	0	0
86	86	1	1.032	-0.586	2	0	0	0	0	0	0	0	0	0	0	0	0	0	0	0	0	0	0
87	87	1	0.737	-2.67	2	0	0	0	0	0	0	0	0	0	0	0	0	0	0	0	0	0	0
88	88	1	1.463	3.593	2	0	0	0	0	0	0	0	0	0	0	0	0	0	0	0	0	0	0
89	89	1	0.329	0.14	2	0	0	0	0	0	0	0	0	0	0	0	0	0	0	0	0	0	0
90	90	1	2.136	0.785	2	0	0	0	0	0	0	0	0	0	0	0	0	0	0	0	0	0	0
91	91	1	0.866	4.019	2	0	0	0	0	0	0	0	0	0	0	0	0	0	0	0	0	0	0
92	92	1	0.08	5.105	2	0	0	0	0	0	0	0	0	0	0	0	0	0	0	0	0	0	0
93	93	1	0.543	4.654	2	0	0	0	0	0	0	0	0	0	0	0	0	0	0	0	0	0	0
94	94	1	0.759	-0.967	2	0	0	0	0	0	0	0	0	0	0	0	0	0	0	0	0	0	0
95	95	1	2.607	1.986	2	0	0	0	0	0	0	0	0	0	0	0	0	0	0	0	0	0	0
96	96	1	0.951	4.919	2	0	0	0	0	0	0	0	0	0	0	0	0	0	0	0	0	0	0
97	97	1	0.329	-3.955	2	0	0	0	0	0	0	0	0	0	0	0	0	0	0	0	0	0	0
98	98	1	0.828	-4.095	2	0	0	0	0	0	0	0	0	0	0	0	0	0	0	0	0	0	0
99	99	1	0.529	0.37	2	0	0	0	0	0	0	0	0	0	0	0	0	0	0	0	0	0	0
100	100	1	0.305	-1.776	2	0	0	0	0	0	0	0	0	0	0	0	0	0	0	0	0	0	0
101	101	1	0.632	6.533	2	0	0	0	0	0	0	0	0	0	0	0	0	0	0	0	0	0	0
102	102	1	0.238	3.759	2	0	0	0	0	0	0	0	0	0	0	0	0	0	0	0	0	0	0
103	103	1	3.264	-8.03	2	0	0	0	0	0	0	0	0	0	0	0	0	0	0	0	0	0	0
104	104	1	1.185	-4.998	2	0	0	0	0	0	0	0	0	0	0	0	0	0	0	0	0	0	0
105	105	1	1.438	2.527	2	0	0	0	0	0	0	0	0	0	0	0	0	0	0	0	0	0	0
106	106	1	0.434	1.157	2	0	0	0	0	0	0	0	0	0	0	0	0	0	0	0	0	0	0
107	107	1	1.985	6.415	2	0	0	0	0	0	0	0	0	0	0	0	0	0	0	0	0	0	0
108	108	1	1.36	0.638	2	0	0	0	0	0	0	0	0	0	0	0	0	0	0	0	0	0	0
109	109	1	0.514	5.522	2	0	0	0	0	0	0	0	0	0	0	0	0	0	0	0	0	0	0
110	110	1	0.933	-5.887	2	0	0	0	0	0	0	0	0	0	0	0	0	0	0	0	0	0	0
111	111	1	0.767	-3.198	2	0	0	0	0	0	0	0	0	0	0	0	0	0	0	0	0	0	0
112	112	1	1.977	0.498	2	0	0	0	0	0	0	0	0	0	0	0	0	0	0	0	0	0	0
113	113	1	0.9	-1.466	2	0	0	0	0	0	0	0	0	0	0	0	0	0	0	0	0	0	0
114	114	1	1.806	-2.412	2	0	0	0	0	0	0	0	0	0	0	0	0	0	0	0	0	0	0
115	115	1	1.518	-3.55	2	0	0	0	0	0	0	0	0	0	0	0	0	0	0	0	0	0	0
116	116	1	0.822	-1.617	2	0	0	0	0	0	0	0	0	0	0	0	0	0	0	0	0	0	0
117	117	1	0.969	-4.671	2	0	0	0	0	0	0	0	0	0	0	0	0	0	0	0	0	0	0
118	118	1	0.545	-2.015	2	0	0	0	0	0	0	0	0	0	0	0	0	0	0	0	0	0	0
119	119	1	0.715	2.741	2	0	0	0	0	0	0	0	0	0	0	0	0	0	0	0	0	0	0
120	120	1	0.354	-2.302	2	0	0	0	0	0	0	0	0	0	0	0	0	0	0	0	0	0	0
121	121	1	0.753	2.761	2	0	0	0	0	0	0	0	0	0	0	0	0	0	0	0	0	0	0
122	122	1	0.785	0.988	2	0	0	0	0	0	0	0	0	0	0	0	0	0	0	0	0	0	0
123	123	1	0.868	1.193	2	0	0	0	0	0	0	0	0	0	0	0	0	0	0	0	0	0	0
124	124	1	3.087	-6.444	2	0	0	0	0	0	0	0	0	0	0	0	0	0	0	0	0	0	0
125	125	1	1.094	-5.745	2	0	0	0	0	0	0	0	0	0	0	0	0	0	0	0	0	0	0
126	126	1	0.331	0.425	2	0	0	0	0	0	0	0	0	0	0	0	0	0	0	0	0	0	0
127	127	1	1.677	5.252	2	0	0	0	0	0	0	0	0	0	0	0	0	0	0	0	0	0	0
128	128	1	0.828	2.837	2	0	0	0	0	0	0	0	0	0	0	0	0	0	0	0	0	0	0
129	129	1	2.084	-0.341	2	0	0	0	0	0	0	0	0	0	0	0	0	0	0	0	0	0	0
130	130	1	1.034	3.814	2	0	0	0	0	0	0	0	0	0	0	0	0	0	0	0	0	0	0
131	131	1	2.258	-0.406	2	0	0	0	0	0	0	0	0	0	0	0	0	0	0	0	0	0	0
132	132	1	0.989	-0.029	2	0	0	0	0	0	0	0	0	0	0	0	0	0	0	0	0	0	0
133	133	1	0.692	4.589	2	0	0	0	0	0	0	0	0	0	0	0	0	0	0	0	0	0	0
134	134	1	2.597	-3.567	2	0	0	0	0	0	0	0	0	0	0	0	0	0	0	0	0	0	0
135	135	1	0.363	-0.437	2	0	0	0	0	0	0	0	0	0	0	0	0	0	0	0	0	0	0
136	136	1	1.289	-2.595	2	0	0	0	0	0	0	0	0	0	0	0	0	0	0	0	0	0	0
137	137	1	0.499	-1.631	2	0	0	0	0	0	0	0	0	0	0	0	0	0	0	0	0	0	0
138	138	1	1.897	-4.881	2	0	0	0	0	0	0	0	0	0	0	0	0	0	0	0	0	0	0
139	139	1	1.3	0.363	2	0	0	0	0	0	0	0	0	0	0	0	0	0	0	0	0	0	0
140	140	1	0.751	2.943	2	0	0	0	0	0	0	0	0	0	0	0	0	0	0	0	0	0	0
141	141	1	0.778	-0.261	2	0	0	0	0	0	0	0	0	0	0	0	0	0	0	0	0	0	0
142	142	1	1.645	-0.892	2	0	0	0	0	0	0	0	0	0	0	0	0	0	0	0	0	0	0
143	143	1	0.465	1.841	2	0	0	0	0	0	0	0	0	0	0	0	0	0	0	0	0	0	0
144	144	1	0.582	4.049	2	0	0	0	0	0	0	0	0	0	0	0	0	0	0	0	0	0	0
145	145	1	1.276	2.963	2	0	0	0	0	0	0	0	0	0	0	0	0	0	0	0	0	0	0
146	146	1	1.534	2.4	2	0	0	0	0	0	0	0	0	0	0	0	0	0	0	0	0	0	0
147	147	1	0.269	4.24	2	0	0	0	0	0	0	0	0	0	0	0	0	0	0	0	0	0	0
148	148	1	1.126	-2.967	2	0	0	0	0	0	0	0	0	0	0	0	0	0	0	0	0	0	0
149	149	1	0.43	-0.19	2	0	0	0	0	0	0	0	0	0	0	0	0	0	0	0	0	0	0
150	150	1	0.644	2.826	2	0	0	0	0	0	0	0	0	0	0	0	0	0	0	0	0	0	0
151	151	1	1.999	-1.783	2	0	0	0	0	0	0	0	0	0	0	0	0	0	0	0	0	0	0
152	152	1	1.737	2.152	2	0	0	0	0	0	0	0	0	0	0	0	0	0	0	0	0	0	0
153	153	1	0.882	0.255	2	0	0	0	0	0	0	0	0	0	0	0	0	0	0	0	0	0	0
154	154	1	0.516	3.105	2	0	0	0	0	0	0	0	0	0	0	0	0	0	0	0	0	0	0
155	155	1	1.207	-5.541	2	0	0	0	0	0	0	0	0	0	0	0	0	0	0	0	0	0	0
156	156	1	2.238	0.994	2	0	0	0	0	0	0	0	0	0	0	0	0	0	0	0	0	0	0
157	157	1	1.659	3.067	2	0	0	0	0	0	0	0	0	0	0	0	0	0	0	0	0	0	0
158	158	1	1.272	1.654	2	0	0	0	0	0	0	0	0	0	0	0	0	0	0	0	0	0	0
159	159	1	1.049	4.323	2	0	0	0	0	0	0	0	0	0	0	0	0	0	0	0	0	0	0
160	160	1	1.785	-0.223	2	0	0	0	0	0	0	0	0	0	0	0	0	0	0	0	0	0	0
161	161	1	1.667	-0.339	2	0	0	0	0	0	0	0	0	0	0	0	0	0	0	0	0	0	0
162	162	1	1.581	2.569	2	0	0	0	0	0	0	0	0	0	0	0	0	0	0	0	0	0	0
163	163	1	0.612	-0.557	2	0	0	0	0	0	0	0	0	0	0	0	0	0	0	0	0	0	0
164	164	1	0.11	4.284	2	0	0	0	0	0	0	0	0	0	0	0	0	0	0	0	0	0	0
165	165	1	0.68	6.245	2	0	0	0	0	0	0	0	0	0	0	0	0	0	0	0	0	0	0
166	166	1	1.988	-1.702	2	0	0	0	0	0	0	0	0	0	0	0	0	0	0	0	0	0	0
167	167	1	0.884	-3.263	2	0	0	0	0	0	0	0	0	0	0	0	0	0	0	0	0	0	0
168	168	1	0.646	3.963	2	0	0	0	0	0	0	0	0	0	0	0	0	0	0	0	0	0	0
169	169	1	0.202	2.154	2	0	0	0	0	0	0	0	0	0	0	0	0	0	0	0	0	0	0
170	170	1	0.662	2.159	2	0	0	0	0	0	0	0	0	0	0	0	0	0	0	0	0	0	0
171	171	1	0.569	-2.895	2	0	0	0	0	0	0	0	0	0	0	0	0	0	0	0	0	0	0
172	172	1	0.661	0.499	2	0	0	0	0	0	0	0	0	0	0	0	0	0	0	0	0	0	0
173	173	1	1.056	3.181	2	0	0	0	0	0	0	0	0	0	0	0	0	0	0	0	0	0	0
174	174	1	0.858	-1.099	2	0	0	0	0	0	0	0	0	0	0	0	0	0	0	0	0	0	0
175	175	1	1.956	1.019	2	0	0	0	0	0	0	0	0	0	0	0	0	0	0	0	0	0	0
176	176	1	0.307	-6.949	2	0	0	0	0	0	0	0	0	0	0	0	0	0	0	0	0	0	0
177	177	1	0.326	3.565	2	0	0	0	0	0	0	0	0	0	0	0	0	0	0	0	0	0	0
178	178	1	0.453	-4.171	2	0	0	0	0	0	0	0	0	0	0	0	0	0	0	0	0	0	0
179	179	1	0.982	-4.759	2	0	0	0	0	0	0	0	0	0	0	0	0	0	0	0	0	0	0
180	180	1	2.779	3.909	2	0	0	0	0	0	0	0	0	0	0	0	0	0	0	0	0	0	0
181	181	1	2.049	2.21	2	0	0	0	0	0	0	0	0	0	0	0	0	0	0	0	0	0	0
182	182	1	0.778	-1.713	2	0	0	0	0	0	0	0	0	0	0	0	0	0	0	0	0	0	0
183	183	1	0.581	-1.261	2	0	0	0	0	0	0	0	0	0	0	0	0	0	0	0	0	0	0
184	184	1	1.958	2.688	2	0	0	0	0	0	0	0	0	0	0	0	0	0	0	0	0	0	0
185	185	1	1.205	3.272	2	0	0	0	0	0	0	0	0	0	0	0	0	0	0	0	0	0	0
186	186	1	0.756	-0.156	2	0	0	0	0	0	0	0	0	0	0	0	0	0	0	0	0	0	0
187	187	1	0.976	-2.01	2	0	0	0	0	0	0	0	0	0	0	0	0	0	0	0	0	0	0
188	188	1	1.892	-1.199	2	0	0	0	0	0	0	0	0	0	0	0	0	0	0	0	0	0	0
189	189	1	0.935	1.302	2	0	0	0	0	0	0	0	0	0	0	0	0	0	0	0	0	0	0
190	190	1	1.133	-0.563	2	0	0	0	0	0	0	0	0	0	0	0	0	0	0	0	0	0	0
191	191	1	1.558	-2.981	2	0	0	0	0	0	0	0	0	0	0	0	0	0	0	0	0	0	0
192	192	1	0.693	-2.767	2	0	0	0	0	0	0	0	0	0	0	0	0	0	0	0	0	0	0
193	193	1	0.204	-0.068	2	0	0	0	0	0	0	0	0	0	0	0	0	0	0	0	0	0	0
194	194	1	0.986	-0.032	2	0	0	0	0	0	0	0	0	0	0	0	0	0	0	0	0	0	0
195	195	1	1.922	-1.501	2	0	0	0	0	0	0	0	0	0	0	0	0	0	0	0	0	0	0
196	196	1	0.894	-0.545	2	0	0	0	0	0	0	0	0	0	0	0	0	0	0	0	0	0	0
197	197	1	1.467	0.569	2	0	0	0	0	0	0	0	0	0	0	0	0	0	0	0	0	0	0
198	198	1	0.69	1.509	2	0	0	0	0	0	0	0	0	0	0	0	0	0	0	0	0	0	0
199	199	1	0.523	5.022	2	0	0	0	0	0	0	0	0	0	0	0	0	0	0	0	0	0	0
200	200	1	1.298	7.642	2	0	0	0	0	0	0	0	0	0	0	0	0	0	0	0	0	0	0
201	201	1	0.774	1.566	2	0	0	0	0	0	0	0	0	0	0	0	0	0	0	0	0	0	0
202	202	1	1.607	-2.677	2	0	0	0	0	0	0	0	0	0	0	0	0	0	0	0	0	0	0
203	203	1	1.697	2.185	2	0	0	0	0	0	0	0	0	0	0	0	0	0	0	0	0	0	0
204	204	1	0.761	-3.477	2	0	0	0	0	0	0	0	0	0	0	0	0	0	0	0	0	0	0
205	205	1	1.065	4.48	2	0	0	0	0	0	0	0	0	0	0	0	0	0	0	0	0	0	0
206	206	1	1.671	-2.545	2	0	0	0	0	0	0	0	0	0	0	0	0	0	0	0	0	0	0
207	207	1	2.128	0.923	2	0	0	0	0	0	0	0	0	0	0	0	0	0	0	0	0	0	0
208	208	1	0.768	5.799	2	0	0	0	0	0	0	0	0	0	0	0	0	0	0	0	0	0	0
209	209	1	0.723	2.108	2	0	0	0	0	0	0	0	0	0	0	0	0	0	0	0	0	0	0
210	210	1	0.812	0.049	2	0	0	0	0	0	0	0	0	0	0	0	0	0	0	0	0	0	0
211	211	1	1.911	1.924	2	0	0	0	0	0	0	0	0	0	0	0	0	0	0	0	0	0	0
212	212	1	0.593	4.966	2	0	0	0	0	0	0	0	0	0	0	0	0	0	0	0	0	0	0
213	213	1	0.641	-2.579	2	0	0	0	0	0	0	0	0	0	0	0	0	0	0	0	0	0	0
214	214	1	0.847	1.852	2	0	0	0	0	0	0	0	0	0	0	0	0	0	0	0	0	0	0
215	215	1	0.385	4.008	2	0	0	0	0	0	0	0	0	0	0	0	0	0	0	0	0	0	0
216	216	1	0.753	-1.602	2	0	0	0	0	0	0	0	0	0	0	0	0	0	0	0	0	0	0
217	217	1	0.767	1.585	2	0	0	0	0	0	0	0	0	0	0	0	0	0	0	0	0	0	0
218	218	1	1.038	-0.221	2	0	0	0	0	0	0	0	0	0	0	0	0	0	0	0	0	0	0
219	219	1	1.48	0.328	2	0	0	0	0	0	0	0	0	0	0	0	0	0	0	0	0	0	0
220	220	1	2.225	3.301	2	0	0	0	0	0	0	0	0	0	0	0	0	0	0	0	0	0	0
221	221	1	1.583	-0.461	2	0	0	0	0	0	0	0	0	0	0	0	0	0	0	0	0	0	0
222	222	1	0.393	-0.469	2	0	0	0	0	0	0	0	0	0	0	0	0	0	0	0	0	0	0
223	223	1	2.168	-1.159	2	0	0	0	0	0	0	0	0	0	0	0	0	0	0	0	0	0	0
224	224	1	1.579	-2.54	2	0	0	0	0	0	0	0	0	0	0	0	0	0	0	0	0	0	0
225	225	1	1.041	-6.519	2	0	0	0	0	0	0	0	0	0	0	0	0	0	0	0	0	0	0
226	226	1	2.027	-2.154	2	0	0	0	0	0	0	0	0	0	0	0	0	0	0	0	0	0	0
227	227	1	1.375	5.099	2	0	0	0	0	0	0	0	0	0	0	0	0	0	0	0	0	0	0
228	228	1	0.905	-0.208	2	0	0	0	0	0	0	0	0	0	0	0	0	0	0	0	0	0	0
229	229	1	0.673	-3.835	2	0	0	0	0	0	0	0	0	0	0	0	0	0	0	0	0	0	0
230	230	1	1.643	-1.726	2	0	0	0	0	0	0	0	0	0	0	0	0	0	0	0	0	0	0
231	231	1	0.173	-4.169	2	0	0	0	0	0	0	0	0	0	0	0	0	0	0	0	0	0	0
232	232	1	0.905	-4.508	2	0	0	0	0	0	0	0	0	0	0	0	0	0	0	0	0	0	0
233	233	1	0.443	2.794	2	0	0	0	0	0	0	0	0	0	0	0	0	0	0	0	0	0	0
234	234	1	0.205	-0.873	2	0	0	0	0	0	0	0	0	0	0	0	0	0	0	0	0	0	0
235	235	1	1.146	2.032	2	0	0	0	0	0	0	0	0	0	0	0	0	0	0	0	0	0	0
236	236	1	0.921	-1.88	2	0	0	0	0	0	0	0	0	0	0	0	0	0	0	0	0	0	0
237	237	1	0.205	-4.327	2	0	0	0	0	0	0	0	0	0	0	0	0	0	0	0	0	0	0
238	238	1	0.833	-1.771	2	0	0	0	0	0	0	0	0	0	0	0	0	0	0	0	0	0	0
239	239	1	1.286	-2.377	2	0	0	0	0	0	0	0	0	0	0	0	0	0	0	0	0	0	0
240	240	1	1.451	-2.796	2	0	0	0	0	0	0	0	0	0	0	0	0	0	0	0	0	0	0
241	241	1	1.196	-0.053	2	0	0	0	0	0	0	0	0	0	0	0	0	0	0	0	0	0	0
242	242	1	1.51	2.979	2	0	0	0	0	0	0	0	0	0	0	0	0	0	0	0	0	0	0
243	243	1	1.126	0.131	2	0	0	0	0	0	0	0	0	0	0	0	0	0	0	0	0	0	0
244	244	1	1.247	-6.071	2	0	0	0	0	0	0	0	0	0	0	0	0	0	0	0	0	0	0
245	245	1	0.93	5.685	2	0	0	0	0	0	0	0	0	0	0	0	0	0	0	0	0	0	0
246	246	1	0.476	3.541	2	0	0	0	0	0	0	0	0	0	0	0	0	0	0	0	0	0	0
247	247	1	1.167	7.242	2	0	0	0	0	0	0	0	0	0	0	0	0	0	0	0	0	0	0
248	248	1	1.672	-0.722	2	0	0	0	0	0	0	0	0	0	0	0	0	0	0	0	0	0	0
249	249	1	2.874	6.214	2	0	0	0	0	0	0	0	0	0	0	0	0	0	0	0	0	0	0
250	250	1	0.744	0.698	2	0	0	0	0	0	0	0	0	0	0	0	0	0	0	0	0	0	0
251	251	1	1.007	-1.12	2	0	0	0	0	0	0	0	0	0	0	0	0	0	0	0	0	0	0
252	252	1	0.186	-2.5	2	0	0	0	0	0	0	0	0	0	0	0	0	0	0	0	0	0	0
253	253	1	0.576	-4.39	2	0	0	0	0	0	0	0	0	0	0	0	0	0	0	0	0	0	0
254	254	1	1.979	3.107	2	0	0	0	0	0	0	0	0	0	0	0	0	0	0	0	0	0	0
255	255	1	0.847	3.879	2	0	0	0	0	0	0	0	0	0	0	0	0	0	0	0	0	0	0
256	256	1	1.395	3.432	2	0	0	0	0	0	0	0	0	0	0	0	0	0	0	0	0	0	0
257	257	1	1.47	2.116	2	0	0	0	0	0	0	0	0	0	0	0	0	0	0	0	0	0	0
258	258	1	0.51	0.864	2	0	0	0	0	0	0	0	0	0	0	0	0	0	0	0	0	0	0
259	259	1	1.01	0.773	2	0	0	0	0	0	0	0	0	0	0	0	0	0	0	0	0	0	0
260	260	1	1.153	5.985	2	0	0	0	0	0	0	0	0	0	0	0	0	0	0	0	0	0	0
261	261	1	0.815	-1.337	2	0	0	0	0	0	0	0	0	0	0	0	0	0	0	0	0	0	0
262	262	1	1.135	-2.029	2	0	0	0	0	0	0	0	0	0	0	0	0	0	0	0	0	0	0
263	263	1	0.638	1.235	2	0	0	0	0	0	0	0	0	0	0	0	0	0	0	0	0	0	0
264	264	1	0.433	-1.761	2	0	0	0	0	0	0	0	0	0	0	0	0	0	0	0	0	0	0
265	265	1	1.364	-3.823	2	0	0	0	0	0	0	0	0	0	0	0	0	0	0	0	0	0	0
266	266	1	2.07	-2.691	2	0	0	0	0	0	0	0	0	0	0	0	0	0	0	0	0	0	0
267	267	1	1.119	1.508	2	0	0	0	0	0	0	0	0	0	0	0	0	0	0	0	0	0	0
268	268	1	0.957	5.7	2	0	0	0	0	0	0	0	0	0	0	0	0	0	0	0	0	0	0
269	269	1	0.824	4.677	2	0	0	0	0	0	0	0	0	0	0	0	0	0	0	0	0	0	0
270	270	1	2.088	-3.317	2	0	0	0	0	0	0	0	0	0	0	0	0	0	0	0	0	0	0
271	271	1	1.818	0.532	2	0	0	0	0	0	0	0	0	0	0	0	0	0	0	0	0	0	0
272	272	1	2.079	6.096	2	0	0	0	0	0	0	0	0	0	0	0	0	0	0	0	0	0	0
273	273	1	1.436	4.227	2	0	0	0	0	0	0	0	0	0	0	0	0	0	0	0	0	0	0
274	274	1	1.182	2.849	2	0	0	0	0	0	0	0	0	0	0	0	0	0	0	0	0	0	0
275	275	1	1.343	0.629	2	0	0	0	0	0	0	0	0	0	0	0	0	0	0	0	0	0	0
276	276	1	1.174	3.669	2	0	0	0	0	0	0	0	0	0	0	0	0	0	0	0	0	0	0
277	277	1	0.417	3.261	2	0	0	0	0	0	0	0	0	0	0	0	0	0	0	0	0	0	0
278	278	1	2.759	-0.58	2	0	0	0	0	0	0	0	0	0	0	0	0	0	0	0	0	0	0
279	279	1	0.436	-2.387	2	0	0	0	0	0	0	0	0	0	0	0	0	0	0	0	0	0	0
280	280	1	1.696	-0.869	2	0	0	0	0	0	0	0	0	0	0	0	0	0	0	0	0	0	0
281	281	1	0.405	-4.308	2	0	0	0	0	0	0	0	0	0	0	0	0	0	0	0	0	0	0
282	282	1	0.532	2.632	2	0	0	0	0	0	0	0	0	0	0	0	0	0	0	0	0	0	0
283	283	1	0.613	-0.316	2	0	0	0	0	0	0	0	0	0	0	0	0	0	0	0	0	0	0
284	284	1	0.418	-7.004	2	0	0	0	0	0	0	0	0	0	0	0	0	0	0	0	0	0	0
285	285	1	0.956	-3.291	2	0	0	0	0	0	0	0	0	0	0	0	0	0	0	0	0	0	0
286	286	1	0.551	1.159	2	0	0	0	0	0	0	0	0	0	0	0	0	0	0	0	0	0	0
287	287	1	1.102	3.063	2	0	0	0	0	0	0	0	0	0	0	0	0	0	0	0	0	0	0
288	288	1	2.633	1.126	2	0	0	0	0	0	0	0	0	0	0	0	0	0	0	0	0	0	0
289	289	1	1.524	-3.423	2	0	0	0	0	0	0	0	0	0	0	0	0	0	0	0	0	0	0
290	290	1	0.275	-2.255	2	0	0	0	0	0	0	0	0	0	0	0	0	0	0	0	0	0	0
291	291	1	1.327	9.194	2	0	0	0	0	0	0	0	0	0	0	0	0	0	0	0	0	0	0
292	292	1	1.048	4.31	2	0	0	0	0	0	0	0	0	0	0	0	0	0	0	0	0	0	0
293	293	1	2.564	0.968	2	0	0	0	0	0	0	0	0	0	0	0	0	0	0	0	0	0	0
294	294	1	1.347	-0.322	2	0	0	0	0	0	0	0	0	0	0	0	0	0	0	0	0	0	0
295	295	1	0.845	-0.155	2	0	0	0	0	0	0	0	0	0	0	0	0	0	0	0	0	0	0
296	296	1	0.396	2.369	2	0	0	0	0	0	0	0	0	0	0	0	0	0	0	0	0	0	0
297	297	1	1.03	-0.654	2	0	0	0	0	0	0	0	0	0	0	0	0	0	0	0	0	0	0
298	298	1	1.894	-1.634	2	0	0	0	0	0	0	0	0	0	0	0	0	0	0	0	0	0	0
299	299	1	0.532	-0.824	2	0	0	0	0	0	0	0	0	0	0	0	0	0	0	0	0	0	0
300	300	1	0.587	0.083	2	0	0	0	0	0	0	0	0	0	0	0	0	0	0	0	0	0	0
301	301	1	1.723	2.909	2	0	0	0	0	0	0	0	0	0	0	0	0	0	0	0	0	0	0
302	302	1	1.667	-6.598	2	0	0	0	0	0	0	0	0	0	0	0	0	0	0	0	0	0	0
303	303	1	0.827	5.844	2	0	0	0	0	0	0	0	0	0	0	0	0	0	0	0	0	0	0
304	304	1	0.72	0.54	2	0	0	0	0	0	0	0	0	0	0	0	0	0	0	0	0	0	0
305	305	1	0.837	1.245	2	0	0	0	0	0	0	0	0	0	0	0	0	0	0	0	0	0	0
306	306	1	1.824	1.941	2	0	0	0	0	0	0	0	0	0	0	0	0	0	0	0	0	0	0
307	307	1	1.037	-1.962	2	0	0	0	0	0	0	0	0	0	0	0	0	0	0	0	0	0	0
308	308	1	1.171	-3.36	2	0	0	0	0	0	0	0	0	0	0	0	0	0	0	0	0	0	0
309	309	1	2.281	-3.014	2	0	0	0	0	0	0	0	0	0	0	0	0	0	0	0	0	0	0
310	310	1	1.629	1.7	2	0	0	0	0	0	0	0	0	0	0	0	0	0	0	0	0	0	0
311	311	1	1.917	1.902	2	0	0	0	0	0	0	0	0	0	0	0	0	0	0	0	0	0	0
312	312	1	2.361	-3.63	2	0	0	0	0	0	0	0	0	0	0	0	0	0	0	0	0	0	0
313	313	1	0.814	-0.279	2	0	0	0	0	0	0	0	0	0	0	0	0	0	0	0	0	0	0
314	314	1	0.937	-4.435	2	0	0	0	0	0	0	0	0	0	0	0	0	0	0	0	0	0	0
315	315	1	1.109	1.164	2	0	0	0	0	0	0	0	0	0	0	0	0	0	0	0	0	0	0
316	316	1	1.312	-1.532	2	0	0	0	0	0	0	0	0	0	0	0	0	0	0	0	0	0	0
317	317	1	0.713	-2.408	2	0	0	0	0	0	0	0	0	0	0	0	0	0	0	0	0	0	0
318	318	1	1.149	0.829	2	0	0	0	0	0	0	0	0	0	0	0	0	0	0	0	0	0	0
319	319	1	0.613	3.411	2	0	0	0	0	0	0	0	0	0	0	0	0	0	0	0	0	0	0
320	320	1	1.237	-5.072	2	0	0	0	0	0	0	0	0	0	0	0	0	0	0	0	0	0	0
321	321	1	0.511	-1.51	2	0	0	0	0	0	0	0	0	0	0	0	0	0	0	0	0	0	0
322	322	1	0.86	5.765	2	0	0	0	0	0	0	0	0	0	0	0	0	0	0	0	0	0	0
323	323	1	2.068	1.698	2	0	0	0	0	0	0	0	0	0	0	0	0	0	0	0	0	0	0
324	324	1	0.797	7.856	2	0	0	0	0	0	0	0	0	0	0	0	0	0	0	0	0	0	0
325	325	1	0.618	-4.198	2	0	0	0	0	0	0	0	0	0	0	0	0	0	0	0	0	0	0
326	326	1	1.407	0.462	2	0	0	0	0	0	0	0	0	0	0	0	0	0	0	0	0	0	0
327	327	1	0.082	-2.74	2	0	0	0	0	0	0	0	0	0	0	0	0	0	0	0	0	0	0
328	328	1	1.066	3.573	2	0	0	0	0	0	0	0	0	0	0	0	0	0	0	0	0	0	0
329	329	1	1.136	4.011	2	0	0	0	0	0	0	0	0	0	0	0	0	0	0	0	0	0	0
330	330	1	2.94	1.381	2	0	0	0	0	0	0	0	0	0	0	0	0	0	0	0	0	0	0
331	331	1	0.683	5.033	2	0	0	0	0	0	0	0	0	0	0	0	0	0	0	0	0	0	0
332	332	1	0.571	2.901	2	0	0	0	0	0	0	0	0	0	0	0	0	0	0	0	0	0	0
333	333	1	2.884	-4.328	2	0	0	0	0	0	0	0	0	0	0	0	0	0	0	0	0	0	0
334	334	1	1.247	-0.792	2	0	0	0	0	0	0	0	0	0	0	0	0	0	0	0	0	0	0
335	335	1	0.996	3.071	2	0	0	0	0	0	0	0	0	0	0	0	0	0	0	0	0	0	0
336	336	1	1.353	-6.905	2	0	0	0	0	0	0	0	0	0	0	0	0	0	0	0	0	0	0
337	337	1	0.741	0.967	2	0	0	0	0	0	0	0	0	0	0	0	0	0	0	0	0	0	0
338	338	1	0.413	-1.314	2	0	0	0	0	0	0	0	0	0	0	0	0	0	0	0	0	0	0
339	339	1	1.551	-1.27	2	0	0	0	0	0	0	0	0	0	0	0	0	0	0	0	0	0	0
340	340	1	1.057	-3.326	2	0	0	0	0	0	0	0	0	0	0	0	0	0	0	0	0	0	0
341	341	1	0.939	1.107	2	0	0	0	0	0	0	0	0	0	0	0	0	0	0	0	0	0	0
342	342	1	0.379	0.816	2	0	0	0	0	0	0	0	0	0	0	0	0	0	0	0	0	0	0
343	343	1	0.574	1.77	2	0	0	0	0	0	0	0	0	0	0	0	0	0	0	0	0	0	0
344	344	1	1.331	1.116	2	0	0	0	0	0	0	0	0	0	0	0	0	0	0	0	0	0	0
345	345	1	0.509	1.338	2	0	0	0	0	0	0	0	0	0	0	0	0	0	0	0	0	0	0
346	346	1	1.343	1.581	2	0	0	0	0	0	0	0	0	0	0	0	0	0	0	0	0	0	0
347	347	1	1.939	-1.944	2	0	0	0	0	0	0	0	0	0	0	0	0	0	0	0	0	0	0
348	348	1	1.692	3.066	2	0	0	0	0	0	0	0	0	0	0	0	0	0	0	0	0	0	0
349	349	1	0.375	3.283	2	0	0	0	0	0	0	0	0	0	0	0	0	0	0	0	0	0	0
350	350	1	1.082	0.232	2	0	0	0	0	0	0	0	0	0	0	0	0	0	0	0	0	0	0
351	351	1	1.006	-0.824	2	0	0	0	0	0	0	0	0	0	0	0	0	0	0	0	0	0	0
352	352	1	1.658	0.226	2	0	0	0	0	0	0	0	0	0	0	0	0	0	0	0	0	0	0
353	353	1	1.259	2.912	2	0	0	0	0	0	0	0	0	0	0	0	0	0	0	0	0	0	0
354	354	1	0.381	-1.564	2	0	0	0	0	0	0	0	0	0	0	0	0	0	0	0	0	0	0
355	355	1	0.8	2.5	2	0	0	0	0	0	0	0	0	0	0	0	0	0	0	0	0	0	0
356	356	1	1.841	2.116	2	0	0	0	0	0	0	0	0	0	0	0	0	0	0	0	0	0	0
357	357	1	1.682	-6.164	2	0	0	0	0	0	0	0	0	0	0	0	0	0	0	0	0	0	0
358	358	1	2.461	-2.053	2	0	0	0	0	0	0	0	0	0	0	0	0	0	0	0	0	0	0
359	359	1	0.497	-3.79	2	0	0	0	0	0	0	0	0	0	0	0	0	0	0	0	0	0	0
360	360	1	0.631	3.469	2	0	0	0	0	0	0	0	0	0	0	0	0	0	0	0	0	0	0
361	361	1	0.78	-3.145	2	0	0	0	0	0	0	0	0	0	0	0	0	0	0	0	0	0	0
362	362	1	1.732	-1.277	2	0	0	0	0	0	0	0	0	0	0	0	0	0	0	0	0	0	0
363	363	1	1.066	-0.705	2	0	0	0	0	0	0	0	0	0	0	0	0	0	0	0	0	0	0
364	364	1	2.148	3.571	2	0	0	0	0	0	0	0	0	0	0	0	0	0	0	0	0	0	0
365	365	1	1.388	1.622	2	0	0	0	0	0	0	0	0	0	0	0	0	0	0	0	0	0	0
366	366	1	1.092	-0.268	2	0	0	0	0	0	0	0	0	0	0	0	0	0	0	0	0	0	0
367	367	1	2.46	-2.137	2	0	0	0	0	0	0	0	0	0	0	0	0	0	0	0	0	0	0
368	368	1	1.357	1.513	2	0	0	0	0	0	0	0	0	0	0	0	0	0	0	0	0	0	0
369	369	1	1.489	-0.32	2	0	0	0	0	0	0	0	0	0	0	0	0	0	0	0	0	0	0
370	370	1	1.018	-7.751	2	0	0	0	0	0	0	0	0	0	0	0	0	0	0	0	0	0	0
371	371	1	0.899	2.857	2	0	0	0	0	0	0	0	0	0	0	0	0	0	0	0	0	0	0
372	372	1	0.607	1.424	2	0	0	0	0	0	0	0	0	0	0	0	0	0	0	0	0	0	0
373	373	1	0.39	-1.328	2	0	0	0	0	0	0	0	0	0	0	0	0	0	0	0	0	0	0
374	374	1	0.865	0.47	2	0	0	0	0	0	0	0	0	0	0	0	0	0	0	0	0	0	0
375	375	1	1.017	-2.246	2	0	0	0	0	0	0	0	0	0	0	0	0	0	0	0	0	0	0
376	376	1	2.458	6.088	2	0	0	0	0	0	0	0	0	0	0	0	0	0	0	0	0	0	0
377	377	1	1.884	0.343	2	0	0	0	0	0	0	0	0	0	0	0	0	0	0	0	0	0	0
378	378	1	0.79	4.165	2	0	0	0	0	0	0	0	0	0	0	0	0	0	0	0	0	0	0
379	379	1	1.681	4.069	2	0	0	0	0	0	0	0	0	0	0	0	0	0	0	0	0	0	0
380	380	1	0.458	-2.137	2	0	0	0	0	0	0	0	0	0	0	0	0	0	0	0	0	0	0
381	381	1	1.077	-2.07	2	0	0	0	0	0	0	0	0	0	0	0	0	0	0	0	0	0	0
382	382	1	1.323	0.823	2	0	0	0	0	0	0	0	0	0	0	0	0	0	0	0	0	0	0
383	383	1	0.274	-1.142	2	0	0	0	0	0	0	0	0	0	0	0	0	0	0	0	0	0	0
384	384	1	1.897	3.347	2	0	0	0	0	0	0	0	0	0	0	0	0	0	0	0	0	0	0
385	385	1	0.623	0.517	2	0	0	0	0	0	0	0	0	0	0	0	0	0	0	0	0	0	0
386	386	1	0.248	1.538	2	0	0	0	0	0	0	0	0	0	0	0	0	0	0	0	0	0	0
387	387	1	0.403	-5.302	2	0	0	0	0	0	0	0	0	0	0	0	0	0	0	0	0	0	0
388	388	1	0.215	-2.011	2	0	0	0	0	0	0	0	0	0	0	0	0	0	0	0	0	0	0
389	389	1	0.76	0.831	2	0	0	0	0	0	0	0	0	0	0	0	0	0	0	0	0	0	0
390	390	1	1.594	1.296	2	0	0	0	0	0	0	0	0	0	0	0	0	0	0	0	0	0	0
391	391	1	0.683	-2.883	2	0	0	0	0	0	0	0	0	0	0	0	0	0	0	0	0	0	0
392	392	1	0.408	0.082	2	0	0	0	0	0	0	0	0	0	0	0	0	0	0	0	0	0	0
393	393	1	0.802	-1.109	2	0	0	0	0	0	0	0	0	0	0	0	0	0	0	0	0	0	0
394	394	1	1.004	2.424	2	0	0	0	0	0	0	0	0	0	0	0	0	0	0	0	0	0	0
395	395	1	1.163	0.893	2	0	0	0	0	0	0	0	0	0	0	0	0	0	0	0	0	0	0
396	396	1	1.305	0.069	2	0	0	0	0	0	0	0	0	0	0	0	0	0	0	0	0	0	0
397	397	1	0.852	3.306	2	0	0	0	0	0	0	0	0	0	0	0	0	0	0	0	0	0	0
398	398	1	0.952	-0.486	2	0	0	0	0	0	0	0	0	0	0	0	0	0	0	0	0	0	0
399	399	1	1.838	0.26	2	0	0	0	0	0	0	0	0	0	0	0	0	0	0	0	0	0	0
400	400	1	2.235	0.051	2	0	0	0	0	0	0	0	0	0	0	0	0	0	0	0	0	0	0
401	401	1	0.56	0.451	2	0	0	0	0	0	0	0	0	0	0	0	0	0	0	0	0	0	0
402	402	1	1.337	1.449	2	0	0	0	0	0	0	0	0	0	0	0	0	0	0	0	0	0	0
403	403	1	1.012	2.648	2	0	0	0	0	0	0	0	0	0	0	0	0	0	0	0	0	0	0
404	404	1	2.007	0.948	2	0	0	0	0	0	0	0	0	0	0	0	0	0	0	0	0	0	0
405	405	1	1.678	0.685	2	0	0	0	0	0	0	0	0	0	0	0	0	0	0	0	0	0	0
406	406	1	1.799	-0.325	2	0	0	0	0	0	0	0	0	0	0	0	0	0	0	0	0	0	0
407	407	1	0.821	3.315	2	0	0	0	0	0	0	0	0	0	0	0	0	0	0	0	0	0	0
408	408	1	1.772	1.766	2	0	0	0	0	0	0	0	0	0	0	0	0	0	0	0	0	0	0
409	409	1	1.502	-0.949	2	0	0	0	0	0	0	0	0	0	0	0	0	0	0	0	0	0	0
410	410	1	0.394	1.099	2	0	0	0	0	0	0	0	0	0	0	0	0	0	0	0	0	0	0
411	411	1	0.517	-2.283	2	0	0	0	0	0	0	0	0	0	0	0	0	0	0	0	0	0	0
412	412	1	2.052	-1.163	2	0	0	0	0	0	0	0	0	0	0	0	0	0	0	0	0	0	0
413	413	1	0.734	-7.052	2	0	0	0	0	0	0	0	0	0	0	0	0	0	0	0	0	0	0
414	414	1	2.002	-2.296	2	0	0	0	0	0	0	0	0	0	0	0	0	0	0	0	0	0	0
415	415	1	1.463	1.387	2	0	0	0	0	0	0	0	0	0	0	0	0	0	0	0	0	0	0
416	416	1	0.463	6.522	2	0	0	0	0	0	0	0	0	0	0	0	0	0	0	0	0	0	0
417	417	1	0.694	-6.11	2	0	0	0	0	0	0	0	0	0	0	0	0	0	0	0	0	0	0
418	418	1	0.385	0.476	2	0	0	0	0	0	0	0	0	0	0	0	0	0	0	0	0	0	0
419	419	1	1.124	-2.27	2	0	0	0	0	0	0	0	0	0	0	0	0	0	0	0	0	0	0
420	420	1	0.049	-0.632	2	0	0	0	0	0	0	0	0	0	0	0	0	0	0	0	0	0	0
421	421	1	1.913	2.269	2	0	0	0	0	0	0	0	0	0	0	0	0	0	0	0	0	0	0
422	422	1	1.193	-2.999	2	0	0	0	0	0	0	0	0	0	0	0	0	0	0	0	0	0	0
423	423	1	1.585	-2.831	2	0	0	0	0	0	0	0	0	0	0	0	0	0	0	0	0	0	0
424	424	1	0.865	-0.096	2	0	0	0	0	0	0	0	0	0	0	0	0	0	0	0	0	0	0
425	425	1	2.106	-4.544	2	0	0	0	0	0	0	0	0	0	0	0	0	0	0	0	0	0	0
426	426	1	1.124	-4.857	2	0	0	0	0	0	0	0	0	0	0	0	0	0	0	0	0	0	0
427	427	1	0.497	-1.165	2	0	0	0	0	0	0	0	0	0	0	0	0	0	0	0	0	0	0
428	428	1	0.951	-1.136	2	0	0	0	0	0	0	0	0	0	0	0	0	0	0	0	0	0	0
429	429	1	1.654	-4.785	2	0	0	0	0	0	0	0	0	0	0	0	0	0	0	0	0	0	0
430	430	1	0.34	-3.327	2	0	0	0	0	0	0	0	0	0	0	0	0	0	0	0	0	0	0
431	431	1	0.955	0.167	2	0	0	0	0	0	0	0	0	0	0	0	0	0	0	0	0	0	0
432	432	1	0.574	-4.118	2	0	0	0	0	0	0	0	0	0	0	0	0	0	0	0	0	0	0
433	433	1	0.312	4.114	2	0	0	0	0	0	0	0	0	0	0	0	0	0	0	0	0	0	0
434	434	1	2.707	-6.177	2	0	0	0	0	0	0	0	0	0	0	0	0	0	0	0	0	0	0
435	435	1	1.109	-2.975	2	0	0	0	0	0	0	0	0	0	0	0	0	0	0	0	0	0	0
436	436	1	1.354	0.756	2	0	0	0	0	0	0	0	0	0	0	0	0	0	0	0	0	0	0
437	437	1	1.081	-3.192	2	0	0	0	0	0	0	0	0	0	0	0	0	0	0	0	0	0	0
438	438	1	0.303	-0.651	2	0	0	0	0	0	0	0	0	0	0	0	0	0	0	0	0	0	0
439	439	1	1.047	-2.515	2	0	0	0	0	0	0	0	0	0	0	0	0	0	0	0	0	0	0
440	440	1	2.03	1.976	2	0	0	0	0	0	0	0	0	0	0	0	0	0	0	0	0	0	0
441	441	1	2.054	1.356	2	0	0	0	0	0	0	0	0	0	0	0	0	0	0	0	0	0	0
442	442	1	0.705	2.4	2	0	0	0	0	0	0	0	0	0	0	0	0	0	0	0	0	0	0
443	443	1	2.177	1.094	2	0	0	0	0	0	0	0	0	0	0	0	0	0	0	0	0	0	0
444	444	1	2.163	6.258	2	0	0	0	0	0	0	0	0	0	0	0	0	0	0	0	0	0	0
445	445	1	1.585	-0.214	2	0	0	0	0	0	0	0	0	0	0	0	0	0	0	0	0	0	0
446	446	1	2.311	0.607	2	0	0	0	0	0	0	0	0	0	0	0	0	0	0	0	0	0	0
447	447	1	1.748	-4.589	2	0	0	0	0	0	0	0	0	0	0	0	0	0	0	0	0	0	0
448	448	1	1.364	-1.014	2	0	0	0	0	0	0	0	0	0	0	0	0	0	0	0	0	0	0
449	449	1	0.22	2.862	2	0	0	0	0	0	0	0	0	0	0	0	0	0	0	0	0	0	0
450	450	1	1.486	0.246	2	0	0	0	0	0	0	0	0	0	0	0	0	0	0	0	0	0	0
451	451	1	1.049	5.124	2	0	0	0	0	0	0	0	0	0	0	0	0	0	0	0	0	0	0
452	452	1	0.556	6.018	2	0	0	0	0	0	0	0	0	0	0	0	0	0	0	0	0	0	0
453	453	1	0.908	-2.364	2	0	0	0	0	0	0	0	0	0	0	0	0	0	0	0	0	0	0
454	454	1	0.491	-6.031	2	0	0	0	0	0	0	0	0	0	0	0	0	0	0	0	0	0	0
455	455	1	1.917	3.409	2	0	0	0	0	0	0	0	0	0	0	0	0	0	0	0	0	0	0
456	456	1	0.895	5.595	2	0	0	0	0	0	0	0	0	0	0	0	0	0	0	0	0	0	0
457	457	1	0.373	3.074	2	0	0	0	0	0	0	0	0	0	0	0	0	0	0	0	0	0	0
458	458	1	1.092	-0.637	2	0	0	0	0	0	0	0	0	0	0	0	0	0	0	0	0	0	0
459	459	1	0.387	0.633	2	0	0	0	0	0	0	0	0	0	0	0	0	0	0	0	0	0	0
460	460	1	0.374	1.338	2	0	0	0	0	0	0	0	0	0	0	0	0	0	0	0	0	0	0
461	461	1	0.249	1.562	2	0	0	0	0	0	0	0	0	0	0	0	0	0	0	0	0	0	0
462	462	1	0.627	1.133	2	0	0	0	0	0	0	0	0	0	0	0	0	0	0	0	0	0	0
463	463	1	0.728	-1.871	2	0	0	0	0	0	0	0	0	0	0	0	0	0	0	0	0	0	0
464	464	1	1.758	-1.718	2	0	0	0	0	0	0	0	0	0	0	0	0	0	0	0	0	0	0
465	465	1	0.666	0.938	2	0	0	0	0	0	0	0	0	0	0	0	0	0	0	0	0	0	0
466	466	1	1.869	-2.122	2	0	0	0	0	0	0	0	0	0	0	0	0	0	0	0	0	0	0
467	467	1	0.374	1.564	2	0	0	0	0	0	0	0	0	0	0	0	0	0	0	0	0	0	0
468	468	1	0.519	1.345	2	0	0	0	0	0	0	0	0	0	0	0	0	0	0	0	0	0	0
469	469	1	0.462	-1.516	2	0	0	0	0	0	0	0	0	0	0	0	0	0	0	0	0	0	0
470	470	1	0.338	-0.62	2	0	0	0	0	0	0	0	0	0	0	0	0	0	0	0	0	0	0
471	471	1	0.67	0.089	2	0	0	0	0	0	0	0	0	0	0	0	0	0	0	0	0	0	0
472	472	1	0.929	6.157	2	0	0	0	0	0	0	0	0	0	0	0	0	0	0	0	0	0	0
473	473	1	0.608	-2.306	2	0	0	0	0	0	0	0	0	0	0	0	0	0	0	0	0	0	0
474	474	1	1.002	-1.696	2	0	0	0	0	0	0	0	0	0	0	0	0	0	0	0	0	0	0
475	475	1	1.725	5	2	0	0	0	0	0	0	0	0	0	0	0	0	0	0	0	0	0	0
476	476	1	1.697	-4.621	2	0	0	0	0	0	0	0	0	0	0	0	0	0	0	0	0	0	0
477	477	1	0.271	3.435	2	0	0	0	0	0	0	0	0	0	0	0	0	0	0	0	0	0	0
478	478	1	1.195	-4.686	2	0	0	0	0	0	0	0	0	0	0	0	0	0	0	0	0	0	0
479	479	1	0.435	1.414	2	0	0	0	0	0	0	0	0	0	0	0	0	0	0	0	0	0	0
480	480	1	0.893	0.107	2	0	0	0	0	0	0	0	0	0	0	0	0	0	0	0	0	0	0
481	481	1	1.022	-1.056	2	0	0	0	0	0	0	0	0	0	0	0	0	0	0	0	0	0	0
482	482	1	0.632	-2.831	2	0	0	0	0	0	0	0	0	0	0	0	0	0	0	0	0	0	0
483	483	1	0.565	1.102	2	0	0	0	0	0	0	0	0	0	0	0	0	0	0	0	0	0	0
484	484	1	1.079	-5.596	2	0	0	0	0	0	0	0	0	0	0	0	0	0	0	0	0	0	0
485	485	1	1.042	0.332	2	0	0	0	0	0	0	0	0	0	0	0	0	0	0	0	0	0	0
486	486	1	0.267	-1.46	2	0	0	0	0	0	0	0	0	0	0	0	0	0	0	0	0	0	0
487	487	1	0.515	3.593	2	0	0	0	0	0	0	0	0	0	0	0	0	0	0	0	0	0	0
488	488	1	1.987	4.538	2	0	0	0	0	0	0	0	0	0	0	0	0	0	0	0	0	0	0
489	489	1	0.669	-2.18	2	0	0	0	0	0	0	0	0	0	0	0	0	0	0	0	0	0	0
490	490	1	1.385	-0.744	2	0	0	0	0	0	0	0	0	0	0	0	0	0	0	0	0	0	0
491	491	1	0.881	0.403	2	0	0	0	0	0	0	0	0	0	0	0	0	0	0	0	0	0	0
492	492	1	0.622	3.256	2	0	0	0	0	0	0	0	0	0	0	0	0	0	0	0	0	0	0
493	493	1	1.053	3.888	2	0	0	0	0	0	0	0	0	0	0	0	0	0	0	0	0	0	0
494	494	1	1.11	3.863	2	0	0	0	0	0	0	0	0	0	0	0	0	0	0	0	0	0	0
495	495	1	1.578	-1.016	2	0	0	0	0	0	0	0	0	0	0	0	0	0	0	0	0	0	0
496	496	1	0.871	1.813	2	0	0	0	0	0	0	0	0	0	0	0	0	0	0	0	0	0	0
497	497	1	0.55	2.762	2	0	0	0	0	0	0	0	0	0	0	0	0	0	0	0	0	0	0
498	498	1	0.385	4.934	2	0	0	0	0	0	0	0	0	0	0	0	0	0	0	0	0	0	0
499	499	1	0.127	-2.659	2	0	0	0	0	0	0	0	0	0	0	0	0	0	0	0	0	0	0
500	500	1	1.371	6.518	2	0	0	0	0	0	0	0	0	0	0	0	0	0	0	0	0	0	0
501	501	1	1.015	2.145	2	0	0	0	0	0	0	0	0	0	0	0	0	0	0	0	0	0	0
502	502	1	1.774	3.112	2	0	0	0	0	0	0	0	0	0	0	0	0	0	0	0	0	0	0
503	503	1	0.711	-3.227	2	0	0	0	0	0	0	0	0	0	0	0	0	0	0	0	0	0	0
504	504	1	1.455	-1.423	2	0	0	0	0	0	0	0	0	0	0	0	0	0	0	0	0	0	0
505	505	1	1.333	-0.209	2	0	0	0	0	0	0	0	0	0	0	0	0	0	0	0	0	0	0
506	506	1	0.415	-2.288	2	0	0	0	0	0	0	0	0	0	0	0	0	0	0	0	0	0	0
507	507	1	0.998	-1.718	2	0	0	0	0	0	0	0	0	0	0	0	0	0	0	0	0	0	0
508	508	1	2.241	-3.383	2	0	0	0	0	0	0	0	0	0	0	0	0	0	0	0	0	0	0
509	509	1	0.493	0.368	2	0	0	0	0	0	0	0	0	0	0	0	0	0	0	0	0	0	0
510	510	1	1.038	3.686	2	0	0	0	0	0	0	0	0	0	0	0	0	0	0	0	0	0	0
511	511	1	1.462	-1.763	2	0	0	0	0	0	0	0	0	0	0	0	0	0	0	0	0	0	0
512	512	1	0.859	-5.518	2	0	0	0	0	0	0	0	0	0	0	0	0	0	0	0	0	0	0
513	513	1	1.531	1.493	2	0	0	0	0	0	0	0	0	0	0	0	0	0	0	0	0	0	0
514	514	1	1.374	1.519	2	0	0	0	0	0	0	0	0	0	0	0	0	0	0	0	0	0	0
515	515	1	0.557	1.571	2	0	0	0	0	0	0	0	0	0	0	0	0	0	0	0	0	0	0
516	516	1	1.087	1.875	2	0	0	0	0	0	0	0	0	0	0	0	0	0	0	0	0	0	0
517	517	1	0.83	-8.943	2	0	0	0	0	0	0	0	0	0	0	0	0	0	0	0	0	0	0
518	518	1	1.319	5.661	2	0	0	0	0	0	0	0	0	0	0	0	0	0	0	0	0	0	0
519	519	1	0.45	1.38	2	0	0	0	0	0	0	0	0	0	0	0	0	0	0	0	0	0	0
520	520	1	0.933	1.174	2	0	0	0	0	0	0	0	0	0	0	0	0	0	0	0	0	0	0
521	521	1	1.032	-3.562	2	0	0	0	0	0	0	0	0	0	0	0	0	0	0	0	0	0	0
522	522	1	1.207	1.333	2	0	0	0	0	0	0	0	0	0	0	0	0	0	0	0	0	0	0
523	523	1	1.117	-2.262	2	0	0	0	0	0	0	0	0	0	0	0	0	0	0	0	0	0	0
524	524	1	0.467	0.633	2	0	0	0	0	0	0	0	0	0	0	0	0	0	0	0	0	0	0
525	525	1	0.5	-0.41	2	0	0	0	0	0	0	0	0	0	0	0	0	0	0	0	0	0	0
526	526	1	0.683	0.04	2	0	0	0	0	0	0	0	0	0	0	0	0	0	0	0	0	0	0
527	527	1	0.39	2.04	2	0	0	0	0	0	0	0	0	0	0	0	0	0	0	0	0	0	0
528	528	1	2.605	-0.167	2	0	0	0	0	0	0	0	0	0	0	0	0	0	0	0	0	0	0
529	529	1	1.046	-1.497	2	0	0	0	0	0	0	0	0	0	0	0	0	0	0	0	0	0	0
530	530	1	0.765	-2.481	2	0	0	0	0	0	0	0	0	0	0	0	0	0	0	0	0	0	0
531	531	1	0.881	-0.869	2	0	0	0	0	0	0	0	0	0	0	0	0	0	0	0	0	0	0
532	532	1	0.77	-1.478	2	0	0	0	0	0	0	0	0	0	0	0	0	0	0	0	0	0	0
533	533	1	0.944	2.925	2	0	0	0	0	0	0	0	0	0	0	0	0	0	0	0	0	0	0
534	534	1	0.882	0.294	2	0	0	0	0	0	0	0	0	0	0	0	0	0	0	0	0	0	0
535	535	1	0.649	-1.491	2	0	0	0	0	0	0	0	0	0	0	0	0	0	0	0	0	0	0
536	536	1	0.782	1.27	2	0	0	0	0	0	0	0	0	0	0	0	0	0	0	0	0	0	0
537	537	1	0.602	-1.558	2	0	0	0	0	0	0	0	0	0	0	0	0	0	0	0	0	0	0
538	538	1	0.566	5.757	2	0	0	0	0	0	0	0	0	0	0	0	0	0	0	0	0	0	0
539	539	1	1.409	-3.734	2	0	0	0	0	0	0	0	0	0	0	0	0	0	0	0	0	0	0
540	540	1	0.698	-0.481	2	0	0	0	0	0	0	0	0	0	0	0	0	0	0	0	0	0	0
541	541	1	2.137	3.065	2	0	0	0	0	0	0	0	0	0	0	0	0	0	0	0	0	0	0
542	542	1	1.082	-1.898	2	0	0	0	0	0	0	0	0	0	0	0	0	0	0	0	0	0	0
543	543	1	1.636	-0.61	2	0	0	0	0	0	0	0	0	0	0	0	0	0	0	0	0	0	0
544	544	1	0.726	1.234	2	0	0	0	0	0	0	0	0	0	0	0	0	0	0	0	0	0	0
545	545	1	0.168	-3.044	2	0	0	0	0	0	0	0	0	0	0	0	0	0	0	0	0	0	0
546	546	1	1.01	2.995	2	0	0	0	0	0	0	0	0	0	0	0	0	0	0	0	0	0	0
547	547	1	1.845	-4.897	2	0	0	0	0	0	0	0	0	0	0	0	0	0	0	0	0	0	0
548	548	1	0.953	-0.702	2	0	0	0	0	0	0	0	0	0	0	0	0	0	0	0	0	0	0
549	549	1	0.743	-4.965	2	0	0	0	0	0	0	0	0	0	0	0	0	0	0	0	0	0	0
550	550	1	1.172	-2.5	2	0	0	0	0	0	0	0	0	0	0	0	0	0	0	0	0	0	0
551	551	1	1.008	6.927	2	0	0	0	0	0	0	0	0	0	0	0	0	0	0	0	0	0	0
552	552	1	0.504	-0.791	2	0	0	0	0	0	0	0	0	0	0	0	0	0	0	0	0	0	0
553	553	1	2.304	5.991	2	0	0	0	0	0	0	0	0	0	0	0	0	0	0	0	0	0	0
554	554	1	0.864	-0.729	2	0	0	0	0	0	0	0	0	0	0	0	0	0	0	0	0	0	0
555	555	1	0.319	-1.664	2	0	0	0	0	0	0	0	0	0	0	0	0	0	0	0	0	0	0
556	556	1	0.373	-1.588	2	0	0	0	0	0	0	0	0	0	0	0	0	0	0	0	0	0	0
557	557	1	1.366	2.114	2	0	0	0	0	0	0	0	0	0	0	0	0	0	0	0	0	0	0
558	558	1	2.07	-2.817	2	0	0	0	0	0	0	0	0	0	0	0	0	0	0	0	0	0	0
559	559	1	1.841	2.626	2	0	0	0	0	0	0	0	0	0	0	0	0	0	0	0	0	0	0
560	560	1	0.993	-2.233	2	0	0	0	0	0	0	0	0	0	0	0	0	0	0	0	0	0	0
561	561	1	1.686	5.187	2	0	0	0	0	0	0	0	0	0	0	0	0	0	0	0	0	0	0
562	562	1	1.564	-2.445	2	0	0	0	0	0	0	0	0	0	0	0	0	0	0	0	0	0	0
563	563	1	1.056	-5.071	2	0	0	0	0	0	0	0	0	0	0	0	0	0	0	0	0	0	0
564	564	1	1.021	4.473	2	0	0	0	0	0	0	0	0	0	0	0	0	0	0	0	0	0	0
565	565	1	2.21	2.111	2	0	0	0	0	0	0	0	0	0	0	0	0	0	0	0	0	0	0
566	566	1	0.144	-2.888	2	0	0	0	0	0	0	0	0	0	0	0	0	0	0	0	0	0	0
567	567	1	1.109	-3.593	2	0	0	0	0	0	0	0	0	0	0	0	0	0	0	0	0	0	0
568	568	1	0.765	-0.003	2	0	0	0	0	0	0	0	0	0	0	0	0	0	0	0	0	0	0
569	569	1	0.262	2.103	2	0	0	0	0	0	0	0	0	0	0	0	0	0	0	0	0	0	0
570	570	1	0.62	-0.742	2	0	0	0	0	0	0	0	0	0	0	0	0	0	0	0	0	0	0
571	571	1	0.914	-0.019	2	0	0	0	0	0	0	0	0	0	0	0	0	0	0	0	0	0	0
572	572	1	0.736	0.434	2	0	0	0	0	0	0	0	0	0	0	0	0	0	0	0	0	0	0
573	573	1	1.722	1.597	2	0	0	0	0	0	0	0	0	0	0	0	0	0	0	0	0	0	0
574	574	1	1.485	-3.528	2	0	0	0	0	0	0	0	0	0	0	0	0	0	0	0	0	0	0
575	575	1	0.448	7.451	2	0	0	0	0	0	0	0	0	0	0	0	0	0	0	0	0	0	0
576	576	1	1.375	-3.995	2	0	0	0	0	0	0	0	0	0	0	0	0	0	0	0	0	0	0
577	577	1	1.558	-4.082	2	0	0	0	0	0	0	0	0	0	0	0	0	0	0	0	0	0	0
578	578	1	0.42	-0.705	2	0	0	0	0	0	0	0	0	0	0	0	0	0	0	0	0	0	0
579	579	1	0.851	-0.269	2	0	0	0	0	0	0	0	0	0	0	0	0	0	0	0	0	0	0
580	580	1	2.301	0.602	2	0	0	0	0	0	0	0	0	0	0	0	0	0	0	0	0	0	0
581	581	1	1.346	-0.796	2	0	0	0	0	0	0	0	0	0	0	0	0	0	0	0	0	0	0
582	582	1	1.662	-0.33	2	0	0	0	0	0	0	0	0	0	0	0	0	0	0	0	0	0	0
583	583	1	2.393	-0.641	2	0	0	0	0	0	0	0	0	0	0	0	0	0	0	0	0	0	0
584	584	1	1.082	2.268	2	0	0	0	0	0	0	0	0	0	0	0	0	0	0	0	0	0	0
585	585	1	1.176	-0.466	2	0	0	0	0	0	0	0	0	0	0	0	0	0	0	0	0	0	0
586	586	1	1.802	-0.759	2	0	0	0	0	0	0	0	0	0	0	0	0	0	0	0	0	0	0
587	587	1	1.006	-4.954	2	0	0	0	0	0	0	0	0	0	0	0	0	0	0	0	0	0	0
588	588	1	1.259	-5.279	2	0	0	0	0	0	0	0	0	0	0	0	0	0	0	0	0	0	0
589	589	1	0.697	-1.178	2	0	0	0	0	0	0	0	0	0	0	0	0	0	0	0	0	0	0
590	590	1	0.562	-2.81	2	0	0	0	0	0	0	0	0	0	0	0	0	0	0	0	0	0	0
591	591	1	0.971	-5.296	2	0	0	0	0	0	0	0	0	0	0	0	0	0	0	0	0	0	0
592	592	1	0.682	-5.278	2	0	0	0	0	0	0	0	0	0	0	0	0	0	0	0	0	0	0
593	593	1	1.563	2.167	2	0	0	0	0	0	0	0	0	0	0	0	0	0	0	0	0	0	0
594	594	1	0.641	0.318	2	0	0	0	0	0	0	0	0	0	0	0	0	0	0	0	0	0	0
595	595	1	0.581	1.17	2	0	0	0	0	0	0	0	0	0	0	0	0	0	0	0	0	0	0
596	596	1	0.529	-4.932	2	0	0	0	0	0	0	0	0	0	0	0	0	0	0	0	0	0	0
597	597	1	1.842	-1.964	2	0	0	0	0	0	0	0	0	0	0	0	0	0	0	0	0	0	0
598	598	1	0.775	-0.267	2	0	0	0	0	0	0	0	0	0	0	0	0	0	0	0	0	0	0
599	599	1	0.668	-2.068	2	0	0	0	0	0	0	0	0	0	0	0	0	0	0	0	0	0	0
600	600	1	0.923	0.427	2	0	0	0	0	0	0	0	0	0	0	0	0	0	0	0	0	0	0
601	601	1	0.723	-1.61	2	0	0	0	0	0	0	0	0	0	0	0	0	0	0	0	0	0	0
602	602	1	2.316	4.259	2	0	0	0	0	0	0	0	0	0	0	0	0	0	0	0	0	0	0
603	603	1	1.484	1.577	2	0	0	0	0	0	0	0	0	0	0	0	0	0	0	0	0	0	0
604	604	1	0.604	-1.08	2	0	0	0	0	0	0	0	0	0	0	0	0	0	0	0	0	0	0
605	605	1	1.201	1.277	2	0	0	0	0	0	0	0	0	0	0	0	0	0	0	0	0	0	0
606	606	1	1.17	-1.234	2	0	0	0	0	0	0	0	0	0	0	0	0	0	0	0	0	0	0
607	607	1	1.839	3.213	2	0	0	0	0	0	0	0	0	0	0	0	0	0	0	0	0	0	0
608	608	1	0.815	3.14	2	0	0	0	0	0	0	0	0	0	0	0	0	0	0	0	0	0	0
609	609	1	1.593	-1.082	2	0	0	0	0	0	0	0	0	0	0	0	0	0	0	0	0	0	0
610	610	1	1.882	-0.738	2	0	0	0	0	0	0	0	0	0	0	0	0	0	0	0	0	0	0
611	611	1	2.595	7.899	2	0	0	0	0	0	0	0	0	0	0	0	0	0	0	0	0	0	0
612	612	1	0.977	0.249	2	0	0	0	0	0	0	0	0	0	0	0	0	0	0	0	0	0	0
613	613	1	1.046	-2.981	2	0	0	0	0	0	0	0	0	0	0	0	0	0	0	0	0	0	0
614	614	1	1.931	1.031	2	0	0	0	0	0	0	0	0	0	0	0	0	0	0	0	0	0	0
615	615	1	1.19	0.15	2	0	0	0	0	0	0	0	0	0	0	0	0	0	0	0	0	0	0
616	616	1	1.142	-7.522	2	0	0	0	0	0	0	0	0	0	0	0	0	0	0	0	0	0	0
617	617	1	2.054	0.985	2	0	0	0	0	0	0	0	0	0	0	0	0	0	0	0	0	0	0
618	618	1	1.643	3.349	2	0	0	0	0	0	0	0	0	0	0	0	0	0	0	0	0	0	0
619	619	1	1.011	-1.19	2	0	0	0	0	0	0	0	0	0	0	0	0	0	0	0	0	0	0
620	620	1	0.289	3.771	2	0	0	0	0	0	0	0	0	0	0	0	0	0	0	0	0	0	0
621	621	1	0.938	0.38	2	0	0	0	0	0	0	0	0	0	0	0	0	0	0	0	0	0	0
622	622	1	1.843	3.24	2	0	0	0	0	0	0	0	0	0	0	0	0	0	0	0	0	0	0
623	623	1	0.708	-0.1	2	0	0	0	0	0	0	0	0	0	0	0	0	0	0	0	0	0	0
624	624	1	0.158	0.287	2	0	0	0	0	0	0	0	0	0	0	0	0	0	0	0	0	0	0
625	625	1	1.182	-1.531	2	0	0	0	0	0	0	0	0	0	0	0	0	0	0	0	0	0	0
626	626	1	0.654	2.726	2	0	0	0	0	0	0	0	0	0	0	0	0	0	0	0	0	0	0
627	627	1	0.931	-1.163	2	0	0	0	0	0	0	0	0	0	0	0	0	0	0	0	0	0	0
628	628	1	0.929	6.183	2	0	0	0	0	0	0	0	0	0	0	0	0	0	0	0	0	0	0
629	629	1	0.422	-1.298	2	0	0	0	0	0	0	0	0	0	0	0	0	0	0	0	0	0	0
630	630	1	0.893	-1.889	2	0	0	0	0	0	0	0	0	0	0	0	0	0	0	0	0	0	0
631	631	1	0.703	-2.343	2	0	0	0	0	0	0	0	0	0	0	0	0	0	0	0	0	0	0
632	632	1	0.866	0.337	2	0	0	0	0	0	0	0	0	0	0	0	0	0	0	0	0	0	0
633	633	1	0.687	2.612	2	0	0	0	0	0	0	0	0	0	0	0	0	0	0	0	0	0	0
634	634	1	0.746	4.259	2	0	0	0	0	0	0	0	0	0	0	0	0	0	0	0	0	0	0
635	635	1	0.68	2.078	2	0	0	0	0	0	0	0	0	0	0	0	0	0	0	0	0	0	0
636	636	1	2.449	-6.785	2	0	0	0	0	0	0	0	0	0	0	0	0	0	0	0	0	0	0
637	637	1	1.417	2.14	2	0	0	0	0	0	0	0	0	0	0	0	0	0	0	0	0	0	0
638	638	1	1.202	4.608	2	0	0	0	0	0	0	0	0	0	0	0	0	0	0	0	0	0	0
639	639	1	2.359	0.956	2	0	0	0	0	0	0	0	0	0	0	0	0	0	0	0	0	0	0
640	640	1	0.533	-9.624	2	0	0	0	0	0	0	0	0	0	0	0	0	0	0	0	0	0	0
641	641	1	1.399	1.31	2	0	0	0	0	0	0	0	0	0	0	0	0	0	0	0	0	0	0
642	642	1	0.485	-1.84	2	0	0	0	0	0	0	0	0	0	0	0	0	0	0	0	0	0	0
643	643	1	0.723	-0.105	2	0	0	0	0	0	0	0	0	0	0	0	0	0	0	0	0	0	0
644	644	1	1.352	-2.718	2	0	0	0	0	0	0	0	0	0	0	0	0	0	0	0	0	0	0
645	645	1	0.684	-1.542	2	0	0	0	0	0	0	0	0	0	0	0	0	0	0	0	0	0	0
646	646	1	0.723	0.441	2	0	0	0	0	0	0	0	0	0	0	0	0	0	0	0	0	0	0
647	647	1	2.139	-4.032	2	0	0	0	0	0	0	0	0	0	0	0	0	0	0	0	0	0	0
648	648	1	2.247	0.49	2	0	0	0	0	0	0	0	0	0	0	0	0	0	0	0	0	0	0
649	649	1	0.603	-1.629	2	0	0	0	0	0	0	0	0	0	0	0	0	0	0	0	0	0	0
650	650	1	0.976	1.269	2	0	0	0	0	0	0	0	0	0	0	0	0	0	0	0	0	0	0
651	651	1	1.729	-3.695	2	0	0	0	0	0	0	0	0	0	0	0	0	0	0	0	0	0	0
652	652	1	0.236	3.32	2	0	0	0	0	0	0	0	0	0	0	0	0	0	0	0	0	0	0
653	653	1	0.746	0.159	2	0	0	0	0	0	0	0	0	0	0	0	0	0	0	0	0	0	0
654	654	1	1.683	-9.606	2	0	0	0	0	0	0	0	0	0	0	0	0	0	0	0	0	0	0
655	655	1	1.259	-2.862	2	0	0	0	0	0	0	0	0	0	0	0	0	0	0	0	0	0	0
656	656	1	0.82	-0.615	2	0	0	0	0	0	0	0	0	0	0	0	0	0	0	0	0	0	0
657	657	1	0.488	1.057	2	0	0	0	0	0	0	0	0	0	0	0	0	0	0	0	0	0	0
658	658	1	1.581	1.769	2	0	0	0	0	0	0	0	0	0	0	0	0	0	0	0	0	0	0
659	659	1	2.128	4.722	2	0	0	0	0	0	0	0	0	0	0	0	0	0	0	0	0	0	0
660	660	1	0.176	-1.883	2	0	0	0	0	0	0	0	0	0	0	0	0	0	0	0	0	0	0
661	661	1	0.763	2.604	2	0	0	0	0	0	0	0	0	0	0	0	0	0	0	0	0	0	0
662	662	1	2.562	-4.453	2	0	0	0	0	0	0	0	0	0	0	0	0	0	0	0	0	0	0
663	663	1	1.333	-1.203	2	0	0	0	0	0	0	0	0	0	0	0	0	0	0	0	0	0	0
664	664	1	0.877	-1.918	2	0	0	0	0	0	0	0	0	0	0	0	0	0	0	0	0	0	0
665	665	1	0.428	0.649	2	0	0	0	0	0	0	0	0	0	0	0	0	0	0	0	0	0	0
666	666	1	0.783	-3.783	2	0	0	0	0	0	0	0	0	0	0	0	0	0	0	0	0	0	0
667	667	1	1.542	5.964	2	0	0	0	0	0	0	0	0	0	0	0	0	0	0	0	0	0	0
668	668	1	1.129	2.947	2	0	0	0	0	0	0	0	0	0	0	0	0	0	0	0	0	0	0
669	669	1	0.737	-0.92	2	0	0	0	0	0	0	0	0	0	0	0	0	0	0	0	0	0	0
670	670	1	0.521	-3.939	2	0	0	0	0	0	0	0	0	0	0	0	0	0	0	0	0	0	0
671	671	1	0.933	-2.722	2	0	0	0	0	0	0	0	0	0	0	0	0	0	0	0	0	0	0
672	672	1	0.416	-0.278	2	0	0	0	0	0	0	0	0	0	0	0	0	0	0	0	0	0	0
673	673	1	3.256	-7.51	2	0	0	0	0	0	0	0	0	0	0	0	0	0	0	0	0	0	0
674	674	1	2.228	-1.748	2	0	0	0	0	0	0	0	0	0	0	0	0	0	0	0	0	0	0
675	675	1	1.478	3.362	2	0	0	0	0	0	0	0	0	0	0	0	0	0	0	0	0	0	0
676	676	1	1.075	3.495	2	0	0	0	0	0	0	0	0	0	0	0	0	0	0	0	0	0	0
677	677	1	0.731	-0.668	2	0	0	0	0	0	0	0	0	0	0	0	0	0	0	0	0	0	0
678	678	1	2.475	0.815	2	0	0	0	0	0	0	0	0	0	0	0	0	0	0	0	0	0	0
679	679	1	0.387	-2.731	2	0	0	0	0	0	0	0	0	0	0	0	0	0	0	0	0	0	0
680	680	1	1.703	-2.223	2	0	0	0	0	0	0	0	0	0	0	0	0	0	0	0	0	0	0
681	681	1	1.153	-1.28	2	0	0	0	0	0	0	0	0	0	0	0	0	0	0	0	0	0	0
682	682	1	1.624	2.252	2	0	0	0	0	0	0	0	0	0	0	0	0	0	0	0	0	0	0
683	683	1	2.085	1.948	2	0	0	0	0	0	0	0	0	0	0	0	0	0	0	0	0	0	0
684	684	1	0.992	-1.345	2	0	0	0	0	0	0	0	0	0	0	0	0	0	0	0	0	0	0
685	685	1	1.133	3.178	2	0	0	0	0	0	0	0	0	0	0	0	0	0	0	0	0	0	0
686	686	1	0.101	-8.086	2	0	0	0	0	0	0	0	0	0	0	0	0	0	0	0	0	0	0
687	687	1	0.903	-0.981	2	0	0	0	0	0	0	0	0	0	0	0	0	0	0	0	0	0	0
688	688	1	1.599	3.959	2	0	0	0	0	0	0	0	0	0	0	0	0	0	0	0	0	0	0
689	689	1	2.793	4.676	2	0	0	0	0	0	0	0	0	0	0	0	0	0	0	0	0	0	0
690	690	1	0.436	2.582	2	0	0	0	0	0	0	0	0	0	0	0	0	0	0	0	0	0	0
691	691	1	1.152	0.426	2	0	0	0	0	0	0	0	0	0	0	0	0	0	0	0	0	0	0
692	692	1	1.014	0.607	2	0	0	0	0	0	0	0	0	0	0	0	0	0	0	0	0	0	0
693	693	1	2.057	-1.501	2	0	0	0	0	0	0	0	0	0	0	0	0	0	0	0	0	0	0
694	694	1	0.852	-3.452	2	0	0	0	0	0	0	0	0	0	0	0	0	0	0	0	0	0	0
695	695	1	0.997	-1.826	2	0	0	0	0	0	0	0	0	0	0	0	0	0	0	0	0	0	0
696	696	1	0.504	-0.441	2	0	0	0	0	0	0	0	0	0	0	0	0	0	0	0	0	0	0
697	697	1	0.988	-4.307	2	0	0	0	0	0	0	0	0	0	0	0	0	0	0	0	0	0	0
698	698	1	0.431	-0.73	2	0	0	0	0	0	0	0	0	0	0	0	0	0	0	0	0	0	0
699	699	1	0.904	6.08	2	0	0	0	0	0	0	0	0	0	0	0	0	0	0	0	0	0	0
700	700	1	0.664	-3.054	2	0	0	0	0	0	0	0	0	0	0	0	0	0	0	0	0	0	0
701	701	1	0.9	-3.93	2	0	0	0	0	0	0	0	0	0	0	0	0	0	0	0	0	0	0
702	702	1	0.624	-1.849	2	0	0	0	0	0	0	0	0	0	0	0	0	0	0	0	0	0	0
703	703	1	2.309	3.073	2	0	0	0	0	0	0	0	0	0	0	0	0	0	0	0	0	0	0
704	704	1	0.678	-2.498	2	0	0	0	0	0	0	0	0	0	0	0	0	0	0	0	0	0	0
705	705	1	0.978	4.326	2	0	0	0	0	0	0	0	0	0	0	0	0	0	0	0	0	0	0
706	706	1	0.768	-3.808	2	0	0	0	0	0	0	0	0	0	0	0	0	0	0	0	0	0	0
707	707	1	1.507	-0.943	2	0	0	0	0	0	0	0	0	0	0	0	0	0	0	0	0	0	0
708	708	1	1.961	-1.843	2	0	0	0	0	0	0	0	0	0	0	0	0	0	0	0	0	0	0
709	709	1	0.79	-1.693	2	0	0	0	0	0	0	0	0	0	0	0	0	0	0	0	0	0	0
710	710	1	0.48	-1.695	2	0	0	0	0	0	0	0	0	0	0	0	0	0	0	0	0	0	0
711	711	1	1.278	-9.214	2	0	0	0	0	0	0	0	0	0	0	0	0	0	0	0	0	0	0
712	712	1	1.366	-3.943	2	0	0	0	0	0	0	0	0	0	0	0	0	0	0	0	0	0	0
713	713	1	0.786	2.031	2	0	0	0	0	0	0	0	0	0	0	0	0	0	0	0	0	0	0
714	714	1	1.481	4.797	2	0	0	0	0	0	0	0	0	0	0	0	0	0	0	0	0	0	0
715	715	1	1.133	-2.937	2	0	0	0	0	0	0	0	0	0	0	0	0	0	0	0	0	0	0
716	716	1	0.389	-1.292	2	0	0	0	0	0	0	0	0	0	0	0	0	0	0	0	0	0	0
717	717	1	1.427	-4.866	2	0	0	0	0	0	0	0	0	0	0	0	0	0	0	0	0	0	0
718	718	1	0.418	-1.942	2	0	0	0	0	0	0	0	0	0	0	0	0	0	0	0	0	0	0
719	719	1	2.008	1.083	2	0	0	0	0	0	0	0	0	0	0	0	0	0	0	0	0	0	0
720	720	1	1.252	-2.362	2	0	0	0	0	0	0	0	0	0	0	0	0	0	0	0	0	0	0
721	721	1	2.286	0.793	2	0	0	0	0	0	0	0	0	0	0	0	0	0	0	0	0	0	0
722	722	1	0.941	-0.343	2	0	0	0	0	0	0	0	0	0	0	0	0	0	0	0	0	0	0
723	723	1	0.308	-4.892	2	0	0	0	0	0	0	0	0	0	0	0	0	0	0	0	0	0	0
724	724	1	0.356	-2.962	2	0	0	0	0	0	0	0	0	0	0	0	0	0	0	0	0	0	0
725	725	1	1.976	-5.345	2	0	0	0	0	0	0	0	0	0	0	0	0	0	0	0	0	0	0
726	726	1	0.661	-3.345	2	0	0	0	0	0	0	0	0	0	0	0	0	0	0	0	0	0	0
727	727	1	0.498	4.759	2	0	0	0	0	0	0	0	0	0	0	0	0	0	0	0	0	0	0
728	728	1	1.201	-2.328	2	0	0	0	0	0	0	0	0	0	0	0	0	0	0	0	0	0	0
729	729	1	0.845	-1.968	2	0	0	0	0	0	0	0	0	0	0	0	0	0	0	0	0	0	0
730	730	1	0.464	-2.895	2	0	0	0	0	0	0	0	0	0	0	0	0	0	0	0	0	0	0
731	731	1	0.128	2.241	2	0	0	0	0	0	0	0	0	0	0	0	0	0	0	0	0	0	0
732	732	1	0.739	2.034	2	0	0	0	0	0	0	0	0	0	0	0	0	0	0	0	0	0	0
733	733	1	1.238	3.89	2	0	0	0	0	0	0	0	0	0	0	0	0	0	0	0	0	0	0
734	734	1	0.794	2.998	2	0	0	0	0	0	0	0	0	0	0	0	0	0	0	0	0	0	0
735	735	1	0.91	-1.405	2	0	0	0	0	0	0	0	0	0	0	0	0	0	0	0	0	0	0
736	736	1	0.739	1.714	2	0	0	0	0	0	0	0	0	0	0	0	0	0	0	0	0	0	0
737	737	1	1.155	1.27	2	0	0	0	0	0	0	0	0	0	0	0	0	0	0	0	0	0	0
738	738	1	1.496	4.716	2	0	0	0	0	0	0	0	0	0	0	0	0	0	0	0	0	0	0
739	739	1	2.012	0.721	2	0	0	0	0	0	0	0	0	0	0	0	0	0	0	0	0	0	0
740	740	1	0.305	0.949	2	0	0	0	0	0	0	0	0	0	0	0	0	0	0	0	0	0	0
741	741	1	1.143	-1.633	2	0	0	0	0	0	0	0	0	0	0	0	0	0	0	0	0	0	0
742	742	1	0.847	0.368	2	0	0	0	0	0	0	0	0	0	0	0	0	0	0	0	0	0	0
743	743	1	1.779	2.864	2	0	0	0	0	0	0	0	0	0	0	0	0	0	0	0	0	0	0
744	744	1	2.825	4.477	2	0	0	0	0	0	0	0	0	0	0	0	0	0	0	0	0	0	0
745	745	1	0.995	2.348	2	0	0	0	0	0	0	0	0	0	0	0	0	0	0	0	0	0	0
746	746	1	1.291	1.595	2	0	0	0	0	0	0	0	0	0	0	0	0	0	0	0	0	0	0
747	747	1	1.782	1.702	2	0	0	0	0	0	0	0	0	0	0	0	0	0	0	0	0	0	0
748	748	1	2.183	0.47	2	0	0	0	0	0	0	0	0	0	0	0	0	0	0	0	0	0	0
749	749	1	1.902	-1.208	2	0	0	0	0	0	0	0	0	0	0	0	0	0	0	0	0	0	0
750	750	1	0.198	0.226	2	0	0	0	0	0	0	0	0	0	0	0	0	0	0	0	0	0	0
751	751	1	0.432	-3.608	2	0	0	0	0	0	0	0	0	0	0	0	0	0	0	0	0	0	0
752	752	1	0.819	-1.117	2	0	0	0	0	0	0	0	0	0	0	0	0	0	0	0	0	0	0
753	753	1	2.524	1.957	2	0	0	0	0	0	0	0	0	0	0	0	0	0	0	0	0	0	0
754	754	1	1.092	1.851	2	0	0	0	0	0	0	0	0	0	0	0	0	0	0	0	0	0	0
755	755	1	1.059	-1.341	2	0	0	0	0	0	0	0	0	0	0	0	0	0	0	0	0	0	0
756	756	1	1.064	0.475	2	0	0	0	0	0	0	0	0	0	0	0	0	0	0	0	0	0	0
757	757	1	1.413	-1.542	2	0	0	0	0	0	0	0	0	0	0	0	0	0	0	0	0	0	0
758	758	1	1.967	-3.368	2	0	0	0	0	0	0	0	0	0	0	0	0	0	0	0	0	0	0
759	759	1	1.741	-1.341	2	0	0	0	0	0	0	0	0	0	0	0	0	0	0	0	0	0	0
760	760	1	0.15	-6.336	2	0	0	0	0	0	0	0	0	0	0	0	0	0	0	0	0	0	0
761	761	1	0.19	-2.184	2	0	0	0	0	0	0	0	0	0	0	0	0	0	0	0	0	0	0
762	762	1	0.947	-0.74	2	0	0	0	0	0	0	0	0	0	0	0	0	0	0	0	0	0	0
763	763	1	1.539	-1.841	2	0	0	0	0	0	0	0	0	0	0	0	0	0	0	0	0	0	0
764	764	1	0.303	0.312	2	0	0	0	0	0	0	0	0	0	0	0	0	0	0	0	0	0	0
765	765	1	1.501	-2.402	2	0	0	0	0	0	0	0	0	0	0	0	0	0	0	0	0	0	0
766	766	1	0.472	3.971	2	0	0	0	0	0	0	0	0	0	0	0	0	0	0	0	0	0	0
767	767	1	1.171	0.093	2	0	0	0	0	0	0	0	0	0	0	0	0	0	0	0	0	0	0
768	768	1	0.999	-2.471	2	0	0	0	0	0	0	0	0	0	0	0	0	0	0	0	0	0	0
769	769	1	0.425	-2.6	2	0	0	0	0	0	0	0	0	0	0	0	0	0	0	0	0	0	0
770	770	1	2.383	-3.758	2	0	0	0	0	0	0	0	0	0	0	0	0	0	0	0	0	0	0
771	771	1	1.509	-3.151	2	0	0	0	0	0	0	0	0	0	0	0	0	0	0	0	0	0	0
772	772	1	3.436	2.48	2	0	0	0	0	0	0	0	0	0	0	0	0	0	0	0	0	0	0
773	773	1	1.509	-2.531	2	0	0	0	0	0	0	0	0	0	0	0	0	0	0	0	0	0	0
774	774	1	0.805	-6.5	2	0	0	0	0	0	0	0	0	0	0	0	0	0	0	0	0	0	0
775	775	1	0.92	2.322	2	0	0	0	0	0	0	0	0	0	0	0	0	0	0	0	0	0	0
776	776	1	0.69	1.796	2	0	0	0	0	0	0	0	0	0	0	0	0	0	0	0	0	0	0
777	777	1	0.39	3.592	2	0	0	0	0	0	0	0	0	0	0	0	0	0	0	0	0	0	0
778	778	1	0.179	-1.105	2	0	0	0	0	0	0	0	0	0	0	0	0	0	0	0	0	0	0
779	779	1	1	2.107	2	0	0	0	0	0	0	0	0	0	0	0	0	0	0	0	0	0	0
780	780	1	2.202	0.226	2	0	0	0	0	0	0	0	0	0	0	0	0	0	0	0	0	0	0
781	781	1	1.263	-6.788	2	0	0	0	0	0	0	0	0	0	0	0	0	0	0	0	0	0	0
782	782	1	0.813	3.164	2	0	0	0	0	0	0	0	0	0	0	0	0	0	0	0	0	0	0
783	783	1	1.566	-2.692	2	0	0	0	0	0	0	0	0	0	0	0	0	0	0	0	0	0	0
784	784	1	1.123	7.197	2	0	0	0	0	0	0	0	0	0	0	0	0	0	0	0	0	0	0
785	785	1	1.407	3.79	2	0	0	0	0	0	0	0	0	0	0	0	0	0	0	0	0	0	0
786	786	1	1.355	3.872	2	0	0	0	0	0	0	0	0	0	0	0	0	0	0	0	0	0	0
787	787	1	0.896	5.965	2	0	0	0	0	0	0	0	0	0	0	0	0	0	0	0	0	0	0
788	788	1	1.769	0.628	2	0	0	0	0	0	0	0	0	0	0	0	0	0	0	0	0	0	0
789	789	1	1.215	-1.334	2	0	0	0	0	0	0	0	0	0	0	0	0	0	0	0	0	0	0
790	790	1	0.309	-4.975	2	0	0	0	0	0	0	0	0	0	0	0	0	0	0	0	0	0	0
791	791	1	1.439	1.747	2	0	0	0	0	0	0	0	0	0	0	0	0	0	0	0	0	0	0
792	792	1	2.593	-2.134	2	0	0	0	0	0	0	0	0	0	0	0	0	0	0	0	0	0	0
793	793	1	1.202	4.107	2	0	0	0	0	0	0	0	0	0	0	0	0	0	0	0	0	0	0
794	794	1	2.607	0.184	2	0	0	0	0	0	0	0	0	0	0	0	0	0	0	0	0	0	0
795	795	1	1.329	-0.759	2	0	0	0	0	0	0	0	0	0	0	0	0	0	0	0	0	0	0
796	796	1	1.377	3.026	2	0	0	0	0	0	0	0	0	0	0	0	0	0	0	0	0	0	0
797	797	1	0.859	-1.966	2	0	0	0	0	0	0	0	0	0	0	0	0	0	0	0	0	0	0
798	798	1	0.199	7.902	2	0	0	0	0	0	0	0	0	0	0	0	0	0	0	0	0	0	0
799	799	1	0.435	-0.916	2	0	0	0	0	0	0	0	0	0	0	0	0	0	0	0	0	0	0
800	800	1	0.89	0.295	2	0	0	0	0	0	0	0	0	0	0	0	0	0	0	0	0	0	0
801	801	1	0.452	-2.068	2	0	0	0	0	0	0	0	0	0	0	0	0	0	0	0	0	0	0
802	802	1	0.306	0.943	2	0	0	0	0	0	0	0	0	0	0	0	0	0	0	0	0	0	0
803	803	1	0.97	2.761	2	0	0	0	0	0	0	0	0	0	0	0	0	0	0	0	0	0	0
804	804	1	0.665	-4.536	2	0	0	0	0	0	0	0	0	0	0	0	0	0	0	0	0	0	0
805	805	1	3.009	-0.044	2	0	0	0	0	0	0	0	0	0	0	0	0	0	0	0	0	0	0
806	806	1	1.071	1.817	2	0	0	0	0	0	0	0	0	0	0	0	0	0	0	0	0	0	0
807	807	1	1.307	-3.051	2	0	0	0	0	0	0	0	0	0	0	0	0	0	0	0	0	0	0
808	808	1	1.337	3.347	2	0	0	0	0	0	0	0	0	0	0	0	0	0	0	0	0	0	0
809	809	1	1.032	-0.78	2	0	0	0	0	0	0	0	0	0	0	0	0	0	0	0	0	0	0
810	810	1	1.46	3.109	2	0	0	0	0	0	0	0	0	0	0	0	0	0	0	0	0	0	0
811	811	1	1.367	1.473	2	0	0	0	0	0	0	0	0	0	0	0	0	0	0	0	0	0	0
812	812	1	1.55	-3.978	2	0	0	0	0	0	0	0	0	0	0	0	0	0	0	0	0	0	0
813	813	1	1.73	3.329	2	0	0	0	0	0	0	0	0	0	0	0	0	0	0	0	0	0	0
814	814	1	1.771	-1.077	2	0	0	0	0	0	0	0	0	0	0	0	0	0	0	0	0	0	0
815	815	1	1.037	5.17	2	0	0	0	0	0	0	0	0	0	0	0	0	0	0	0	0	0	0
816	816	1	0.396	-2.413	2	0	0	0	0	0	0	0	0	0	0	0	0	0	0	0	0	0	0
817	817	1	0.114	4.282	2	0	0	0	0	0	0	0	0	0	0	0	0	0	0	0	0	0	0
818	818	1	0.74	-3.26	2	0	0	0	0	0	0	0	0	0	0	0	0	0	0	0	0	0	0
819	819	1	0.32	1.716	2	0	0	0	0	0	0	0	0	0	0	0	0	0	0	0	0	0	0
820	820	1	0.811	4.274	2	0	0	0	0	0	0	0	0	0	0	0	0	0	0	0	0	0	0
821	821	1	0.854	-1.218	2	0	0	0	0	0	0	0	0	0	0	0	0	0	0	0	0	0	0
822	822	1	1.195	0.147	2	0	0	0	0	0	0	0	0	0	0	0	0	0	0	0	0	0	0
823	823	1	2.317	-3.094	2	0	0	0	0	0	0	0	0	0	0	0	0	0	0	0	0	0	0
824	824	1	2.34	3.092	2	0	0	0	0	0	0	0	0	0	0	0	0	0	0	0	0	0	0
825	825	1	1.669	2.39	2	0	0	0	0	0	0	0	0	0	0	0	0	0	0	0	0	0	0
826	826	1	1.153	-2.002	2	0	0	0	0	0	0	0	0	0	0	0	0	0	0	0	0	0	0
827	827	1	1.287	0.7	2	0	0	0	0	0	0	0	0	0	0	0	0	0	0	0	0	0	0
828	828	1	0.97	5.587	2	0	0	0	0	0	0	0	0	0	0	0	0	0	0	0	0	0	0
829	829	1	0.299	-0.168	2	0	0	0	0	0	0	0	0	0	0	0	0	0	0	0	0	0	0
830	830	1	2.57	-2.932	2	0	0	0	0	0	0	0	0	0	0	0	0	0	0	0	0	0	0
831	831	1	1.892	2.848	2	0	0	0	0	0	0	0	0	0	0	0	0	0	0	0	0	0	0
832	832	1	1.881	0.58	2	0	0	0	0	0	0	0	0	0	0	0	0	0	0	0	0	0	0
833	833	1	0.711	-3.052	2	0	0	0	0	0	0	0	0	0	0	0	0	0	0	0	0	0	0
834	834	1	1.402	0.043	2	0	0	0	0	0	0	0	0	0	0	0	0	0	0	0	0	0	0
835	835	1	1.338	-4.56	2	0	0	0	0	0	0	0	0	0	0	0	0	0	0	0	0	0	0
836	836	1	0.306	-2.02	2	0	0	0	0	0	0	0	0	0	0	0	0	0	0	0	0	0	0
837	837	1	0.897	-2.248	2	0	0	0	0	0	0	0	0	0	0	0	0	0	0	0	0	0	0
838	838	1	1.255	-0.103	2	0	0	0	0	0	0	0	0	0	0	0	0	0	0	0	0	0	0
839	839	1	1.273	-8.917	2	0	0	0	0	0	0	0	0	0	0	0	0	0	0	0	0	0	0
840	840	1	0.651	2.084	2	0	0	0	0	0	0	0	0	0	0	0	0	0	0	0	0	0	0
841	841	1	2.509	2.191	2	0	0	0	0	0	0	0	0	0	0	0	0	0	0	0	0	0	0
842	842	1	2.484	-3.402	2	0	0	0	0	0	0	0	0	0	0	0	0	0	0	0	0	0	0
843	843	1	1.492	-0.169	2	0	0	0	0	0	0	0	0	0	0	0	0	0	0	0	0	0	0
844	844	1	0.644	-0.775	2	0	0	0	0	0	0	0	0	0	0	0	0	0	0	0	0	0	0
845	845	1	0.515	-3.746	2	0	0	0	0	0	0	0	0	0	0	0	0	0	0	0	0	0	0
846	846	1	0.384	-0.309	2	0	0	0	0	0	0	0	0	0	0	0	0	0	0	0	0	0	0
847	847	1	0.638	5.008	2	0	0	0	0	0	0	0	0	0	0	0	0	0	0	0	0	0	0
848	848	1	0.242	-3.834	2	0	0	0	0	0	0	0	0	0	0	0	0	0	0	0	0	0	0
849	849	1	1.342	2.237	2	0	0	0	0	0	0	0	0	0	0	0	0	0	0	0	0	0	0
850	850	1	0.335	1.47	2	0	0	0	0	0	0	0	0	0	0	0	0	0	0	0	0	0	0
851	851	1	0.418	-5.99	2	0	0	0	0	0	0	0	0	0	0	0	0	0	0	0	0	0	0
852	852	1	1.481	-4.227	2	0	0	0	0	0	0	0	0	0	0	0	0	0	0	0	0	0	0
853	853	1	1.276	2.754	2	0	0	0	0	0	0	0	0	0	0	0	0	0	0	0	0	0	0
854	854	1	1.851	-2.248	2	0	0	0	0	0	0	0	0	0	0	0	0	0	0	0	0	0	0
855	855	1	1.345	-3.715	2	0	0	0	0	0	0	0	0	0	0	0	0	0	0	0	0	0	0
856	856	1	0.958	4.843	2	0	0	0	0	0	0	0	0	0	0	0	0	0	0	0	0	0	0
857	857	1	1.3	-1.168	2	0	0	0	0	0	0	0	0	0	0	0	0	0	0	0	0	0	0
858	858	1	0.319	0.79	2	0	0	0	0	0	0	0	0	0	0	0	0	0	0	0	0	0	0
859	859	1	1.071	-0.608	2	0	0	0	0	0	0	0	0	0	0	0	0	0	0	0	0	0	0
860	860	1	1.124	3.173	2	0	0	0	0	0	0	0	0	0	0	0	0	0	0	0	0	0	0
861	861	1	1.559	0.786	2	0	0	0	0	0	0	0	0	0	0	0	0	0	0	0	0	0	0
862	862	1	0.971	0.323	2	0	0	0	0	0	0	0	0	0	0	0	0	0	0	0	0	0	0
863	863	1	1.062	2.493	2	0	0	0	0	0	0	0	0	0	0	0	0	0	0	0	0	0	0
864	864	1	0.373	2.584	2	0	0	0	0	0	0	0	0	0	0	0	0	0	0	0	0	0	0
865	865	1	1.38	0.991	2	0	0	0	0	0	0	0	0	0	0	0	0	0	0	0	0	0	0
866	866	1	0.228	3.27	2	0	0	0	0	0	0	0	0	0	0	0	0	0	0	0	0	0	0
867	867	1	1.134	1.796	2	0	0	0	0	0	0	0	0	0	0	0	0	0	0	0	0	0	0
868	868	1	1.276	1.491	2	0	0	0	0	0	0	0	0	0	0	0	0	0	0	0	0	0	0
869	869	1	2.099	-1.374	2	0	0	0	0	0	0	0	0	0	0	0	0	0	0	0	0	0	0
870	870	1	1.674	2.752	2	0	0	0	0	0	0	0	0	0	0	0	0	0	0	0	0	0	0
871	871	1	1.755	-1.231	2	0	0	0	0	0	0	0	0	0	0	0	0	0	0	0	0	0	0
872	872	1	0.25	-2.478	2	0	0	0	0	0	0	0	0	0	0	0	0	0	0	0	0	0	0
873	873	1	2.254	0.138	2	0	0	0	0	0	0	0	0	0	0	0	0	0	0	0	0	0	0
874	874	1	0.747	0.075	2	0	0	0	0	0	0	0	0	0	0	0	0	0	0	0	0	0	0
875	875	1	3.229	-2.685	2	0	0	0	0	0	0	0	0	0	0	0	0	0	0	0	0	0	0
876	876	1	0.629	-1.947	2	0	0	0	0	0	0	0	0	0	0	0	0	0	0	0	0	0	0
877	877	1	0.424	-1.664	2	0	0	0	0	0	0	0	0	0	0	0	0	0	0	0	0	0	0
878	878	1	1.506	-3.155	2	0	0	0	0	0	0	0	0	0	0	0	0	0	0	0	0	0	0
879	879	1	0.992	-0.31	2	0	0	0	0	0	0	0	0	0	0	0	0	0	0	0	0	0	0
880	880	1	1.954	-4.303	2	0	0	0	0	0	0	0	0	0	0	0	0	0	0	0	0	0	0
881	881	1	0.726	-4.142	2	0	0	0	0	0	0	0	0	0	0	0	0	0	0	0	0	0	0
882	882	1	0.512	-4.498	2	0	0	0	0	0	0	0	0	0	0	0	0	0	0	0	0	0	0
883	883	1	1.543	0.066	2	0	0	0	0	0	0	0	0	0	0	0	0	0	0	0	0	0	0
884	884	1	0.849	0.3	2	0	0	0	0	0	0	0	0	0	0	0	0	0	0	0	0	0	0
885	885	1	1.801	-0.345	2	0	0	0	0	0	0	0	0	0	0	0	0	0	0	0	0	0	0
886	886	1	1.451	-1.205	2	0	0	0	0	0	0	0	0	0	0	0	0	0	0	0	0	0	0
887	887	1	0.862	7.034	2	0	0	0	0	0	0	0	0	0	0	0	0	0	0	0	0	0	0
888	888	1	1.115	-2.932	2	0	0	0	0	0	0	0	0	0	0	0	0	0	0	0	0	0	0
889	889	1	1.248	2.692	2	0	0	0	0	0	0	0	0	0	0	0	0	0	0	0	0	0	0
890	890	1	0.428	-0.275	2	0	0	0	0	0	0	0	0	0	0	0	0	0	0	0	0	0	0
891	891	1	0.674	-0.95	2	0	0	0	0	0	0	0	0	0	0	0	0	0	0	0	0	0	0
892	892	1	1.198	-4.209	2	0	0	0	0	0	0	0	0	0	0	0	0	0	0	0	0	0	0
893	893	1	2.481	-0.464	2	0	0	0	0	0	0	0	0	0	0	0	0	0	0	0	0	0	0
894	894	1	1.579	1.925	2	0	0	0	0	0	0	0	0	0	0	0	0	0	0	0	0	0	0
895	895	1	1.335	-4.218	2	0	0	0	0	0	0	0	0	0	0	0	0	0	0	0	0	0	0
896	896	1	1.675	-2.666	2	0	0	0	0	0	0	0	0	0	0	0	0	0	0	0	0	0	0
897	897	1	1.313	0.359	2	0	0	0	0	0	0	0	0	0	0	0	0	0	0	0	0	0	0
898	898	1	0.639	2.776	2	0	0	0	0	0	0	0	0	0	0	0	0	0	0	0	0	0	0
899	899	1	1.916	-2.041	2	0	0	0	0	0	0	0	0	0	0	0	0	0	0	0	0	0	0
900	900	1	0.457	-0.388	2	0	0	0	0	0	0	0	0	0	0	0	0	0	0	0	0	0	0
901	901	1	0.5	0.376	2	0	0	0	0	0	0	0	0	0	0	0	0	0	0	0	0	0	0
902	902	1	1.209	-0.633	2	0	0	0	0	0	0	0	0	0	0	0	0	0	0	0	0	0	0
903	903	1	2.335	2.614	2	0	0	0	0	0	0	0	0	0	0	0	0	0	0	0	0	0	0
904	904	1	0.678	4.676	2	0	0	0	0	0	0	0	0	0	0	0	0	0	0	0	0	0	0
905	905	1	1.778	0.655	2	0	0	0	0	0	0	0	0	0	0	0	0	0	0	0	0	0	0
906	906	1	0.889	1.218	2	0	0	0	0	0	0	0	0	0	0	0	0	0	0	0	0	0	0
907	907	1	1.333	-0.775	2	0	0	0	0	0	0	0	0	0	0	0	0	0	0	0	0	0	0
908	908	1	0.343	2.656	2	0	0	0	0	0	0	0	0	0	0	0	0	0	0	0	0	0	0
909	909	1	0.466	1.676	2	0	0	0	0	0	0	0	0	0	0	0	0	0	0	0	0	0	0
910	910	1	2.518	0.545	2	0	0	0	0	0	0	0	0	0	0	0	0	0	0	0	0	0	0
911	911	1	1.016	4.344	2	0	0	0	0	0	0	0	0	0	0	0	0	0	0	0	0	0	0
912	912	1	1.043	1.12	2	0	0	0	0	0	0	0	0	0	0	0	0	0	0	0	0	0	0
913	913	1	0.123	-1.185	2	0	0	0	0	0	0	0	0	0	0	0	0	0	0	0	0	0	0
914	914	1	1.92	-1.433	2	0	0	0	0	0	0	0	0	0	0	0	0	0	0	0	0	0	0
915	915	1	0.918	-0.489	2	0	0	0	0	0	0	0	0	0	0	0	0	0	0	0	0	0	0
916	916	1	1.31	-0.567	2	0	0	0	0	0	0	0	0	0	0	0	0	0	0	0	0	0	0
917	917	1	1.243	0.544	2	0	0	0	0	0	0	0	0	0	0	0	0	0	0	0	0	0	0
918	918	1	1.265	2.479	2	0	0	0	0	0	0	0	0	0	0	0	0	0	0	0	0	0	0
919	919	1	0.765	1.183	2	0	0	0	0	0	0	0	0	0	0	0	0	0	0	0	0	0	0
920	920	1	2.511	2.216	2	0	0	0	0	0	0	0	0	0	0	0	0	0	0	0	0	0	0
921	921	1	1.088	-0.813	2	0	0	0	0	0	0	0	0	0	0	0	0	0	0	0	0	0	0
922	922	1	0.896	-0.185	2	0	0	0	0	0	0	0	0	0	0	0	0	0	0	0	0	0	0
923	923	1	2.272	2.548	2	0	0	0	0	0	0	0	0	0	0	0	0	0	0	0	0	0	0
924	924	1	0.781	-3.625	2	0	0	0	0	0	0	0	0	0	0	0	0	0	0	0	0	0	0
925	925	1	0.37	3.173	2	0	0	0	0	0	0	0	0	0	0	0	0	0	0	0	0	0	0
926	926	1	0.193	7.123	2	0	0	0	0	0	0	0	0	0	0	0	0	0	0	0	0	0	0
927	927	1	0.937	-1.201	2	0	0	0	0	0	0	0	0	0	0	0	0	0	0	0	0	0	0
928	928	1	0.667	2.975	2	0	0	0	0	0	0	0	0	0	0	0	0	0	0	0	0	0	0
929	929	1	0.869	2.89	2	0	0	0	0	0	0	0	0	0	0	0	0	0	0	0	0	0	0
930	930	1	1.048	0.299	2	0	0	0	0	0	0	0	0	0	0	0	0	0	0	0	0	0	0
931	931	1	2.773	-1.959	2	0	0	0	0	0	0	0	0	0	0	0	0	0	0	0	0	0	0
932	932	1	1.453	-4.086	2	0	0	0	0	0	0	0	0	0	0	0	0	0	0	0	0	0	0
933	933	1	0.88	1.359	2	0	0	0	0	0	0	0	0	0	0	0	0	0	0	0	0	0	0
934	934	1	1.966	0.032	2	0	0	0	0	0	0	0	0	0	0	0	0	0	0	0	0	0	0
935	935	1	0.817	-3.07	2	0	0	0	0	0	0	0	0	0	0	0	0	0	0	0	0	0	0
936	936	1	1.36	-4.848	2	0	0	0	0	0	0	0	0	0	0	0	0	0	0	0	0	0	0
937	937	1	1.871	-2.584	2	0	0	0	0	0	0	0	0	0	0	0	0	0	0	0	0	0	0
938	938	1	0.942	2.597	2	0	0	0	0	0	0	0	0	0	0	0	0	0	0	0	0	0	0
939	939	1	0.228	-3.027	2	0	0	0	0	0	0	0	0	0	0	0	0	0	0	0	0	0	0
940	940	1	0.717	-0.407	2	0	0	0	0	0	0	0	0	0	0	0	0	0	0	0	0	0	0
941	941	1	2.491	1.723	2	0	0	0	0	0	0	0	0	0	0	0	0	0	0	0	0	0	0
942	942	1	0.871	-7.193	2	0	0	0	0	0	0	0	0	0	0	0	0	0	0	0	0	0	0
943	943	1	1.849	0.845	2	0	0	0	0	0	0	0	0	0	0	0	0	0	0	0	0	0	0
944	944	1	1.302	0.124	2	0	0	0	0	0	0	0	0	0	0	0	0	0	0	0	0	0	0
945	945	1	1.045	-5.552	2	0	0	0	0	0	0	0	0	0	0	0	0	0	0	0	0	0	0
946	946	1	0.117	-2.383	2	0	0	0	0	0	0	0	0	0	0	0	0	0	0	0	0	0	0
947	947	1	1.508	-1.486	2	0	0	0	0	0	0	0	0	0	0	0	0	0	0	0	0	0	0
948	948	1	0.662	-2.058	2	0	0	0	0	0	0	0	0	0	0	0	0	0	0	0	0	0	0
949	949	1	0.782	-1.658	2	0	0	0	0	0	0	0	0	0	0	0	0	0	0	0	0	0	0
950	950	1	0.697	-0.308	2	0	0	0	0	0	0	0	0	0	0	0	0	0	0	0	0	0	0
951	951	1	2.444	2.475	2	0	0	0	0	0	0	0	0	0	0	0	0	0	0	0	0	0	0
952	952	1	0.418	-0.384	2	0	0	0	0	0	0	0	0	0	0	0	0	0	0	0	0	0	0
953	953	1	0.11	-1.765	2	0	0	0	0	0	0	0	0	0	0	0	0	0	0	0	0	0	0
954	954	1	1.378	2.005	2	0	0	0	0	0	0	0	0	0	0	0	0	0	0	0	0	0	0
955	955	1	1.549	3.015	2	0	0	0	0	0	0	0	0	0	0	0	0	0	0	0	0	0	0
956	956	1	0.886	-0.427	2	0	0	0	0	0	0	0	0	0	0	0	0	0	0	0	0	0	0
957	957	1	0.861	2.593	2	0	0	0	0	0	0	0	0	0	0	0	0	0	0	0	0	0	0
958	958	1	2.279	-0.066	2	0	0	0	0	0	0	0	0	0	0	0	0	0	0	0	0	0	0
959	959	1	0.18	-0.794	2	0	0	0	0	0	0	0	0	0	0	0	0	0	0	0	0	0	0
960	960	1	0.46	-2.74	2	0	0	0	0	0	0	0	0	0	0	0	0	0	0	0	0	0	0
961	961	1	1.526	-3.404	2	0	0	0	0	0	0	0	0	0	0	0	0	0	0	0	0	0	0
962	962	1	1.261	2.294	2	0	0	0	0	0	0	0	0	0	0	0	0	0	0	0	0	0	0
963	963	1	1.985	1.712	2	0	0	0	0	0	0	0	0	0	0	0	0	0	0	0	0	0	0
964	964	1	0.571	-4.055	2	0	0	0	0	0	0	0	0	0	0	0	0	0	0	0	0	0	0
965	965	1	0.297	-6.09	2	0	0	0	0	0	0	0	0	0	0	0	0	0	0	0	0	0	0
966	966	1	1.681	1.771	2	0	0	0	0	0	0	0	0	0	0	0	0	0	0	0	0	0	0
967	967	1	2.439	-4.239	2	0	0	0	0	0	0	0	0	0	0	0	0	0	0	0	0	0	0
968	968	1	0.965	4.831	2	0	0	0	0	0	0	0	0	0	0	0	0	0	0	0	0	0	0
969	969	1	2.512	5.521	2	0	0	0	0	0	0	0	0	0	0	0	0	0	0	0	0	0	0
970	970	1	2.233	4.105	2	0	0	0	0	0	0	0	0	0	0	0	0	0	0	0	0	0	0
971	971	1	1.345	-3.767	2	0	0	0	0	0	0	0	0	0	0	0	0	0	0	0	0	0	0
972	972	1	1.292	-4.153	2	0	0	0	0	0	0	0	0	0	0	0	0	0	0	0	0	0	0
973	973	1	0.395	-0.059	2	0	0	0	0	0	0	0	0	0	0	0	0	0	0	0	0	0	0
974	974	1	2.838	0.488	2	0	0	0	0	0	0	0	0	0	0	0	0	0	0	0	0	0	0
975	975	1	1.222	-0.404	2	0	0	0	0	0	0	0	0	0	0	0	0	0	0	0	0	0	0
976	976	1	0.914	-0.254	2	0	0	0	0	0	0	0	0	0	0	0	0	0	0	0	0	0	0
977	977	1	0.601	-1.719	2	0	0	0	0	0	0	0	0	0	0	0	0	0	0	0	0	0	0
978	978	1	0.102	5.003	2	0	0	0	0	0	0	0	0	0	0	0	0	0	0	0	0	0	0
979	979	1	0.808	-1.73	2	0	0	0	0	0	0	0	0	0	0	0	0	0	0	0	0	0	0
980	980	1	0.476	0.906	2	0	0	0	0	0	0	0	0	0	0	0	0	0	0	0	0	0	0
981	981	1	1.035	-1.169	2	0	0	0	0	0	0	0	0	0	0	0	0	0	0	0	0	0	0
982	982	1	2.202	-2.418	2	0	0	0	0	0	0	0	0	0	0	0	0	0	0	0	0	0	0
983	983	1	1.706	-1.953	2	0	0	0	0	0	0	0	0	0	0	0	0	0	0	0	0	0	0
984	984	1	0.243	-5.479	2	0	0	0	0	0	0	0	0	0	0	0	0	0	0	0	0	0	0
985	985	1	1.086	-0.299	2	0	0	0	0	0	0	0	0	0	0	0	0	0	0	0	0	0	0
986	986	1	0.477	0.388	2	0	0	0	0	0	0	0	0	0	0	0	0	0	0	0	0	0	0
987	987	1	0.266	1.246	2	0	0	0	0	0	0	0	0	0	0	0	0	0	0	0	0	0	0
988	988	1	0.431	3.935	2	0	0	0	0	0	0	0	0	0	0	0	0	0	0	0	0	0	0
989	989	1	0.355	-4.967	2	0	0	0	0	0	0	0	0	0	0	0	0	0	0	0	0	0	0
990	990	1	0.489	-1.667	2	0	0	0	0	0	0	0	0	0	0	0	0	0	0	0	0	0	0
991	991	1	2.03	-4.919	2	0	0	0	0	0	0	0	0	0	0	0	0	0	0	0	0	0	0
992	992	1	0.255	0.867	2	0	0	0	0	0	0	0	0	0	0	0	0	0	0	0	0	0	0
993	993	1	1.249	6.875	2	0	0	0	0	0	0	0	0	0	0	0	0	0	0	0	0	0	0
994	994	1	1.027	2.616	2	0	0	0	0	0	0	0	0	0	0	0	0	0	0	0	0	0	0
995	995	1	0.918	-1.11	2	0	0	0	0	0	0	0	0	0	0	0	0	0	0	0	0	0	0
996	996	1	0.991	3.896	2	0	0	0	0	0	0	0	0	0	0	0	0	0	0	0	0	0	0
997	997	1	0.785	-0.466	2	0	0	0	0	0	0	0	0	0	0	0	0	0	0	0	0	0	0
998	998	1	0.935	0.954	2	0	0	0	0	0	0	0	0	0	0	0	0	0	0	0	0	0	0
999	999	1	2.306	-0.213	2	0	0	0	0	0	0	0	0	0	0	0	0	0	0	0	0	0	0
1000	1000	1	2.212	0.55	2	0	0	0	0	0	0	0	0	0	0	0	0	0	0	0	0	0	0
